step= 0  t=0.000  (-1.999, 0.000)  (-1.826, -0.813)  (-1.338, -1.486)  (-0.618, -1.901)  (0.209, -1.988)  (1.000, -1.731)  (1.617, -1.175)  (1.956, -0.416)  (1.956, 0.416)  (1.617, 1.175)  (1.000, 1.731)  (0.209, 1.988)  (-0.618, 1.901)  (-1.338, 1.486)  (-1.826, 0.813)
step= 1  t=1.000  (-1.999, 0.000)  (-1.826, -0.813)  (-1.338, -1.486)  (-0.618, -1.901)  (0.209, -1.988)  (1.000, -1.731)  (1.617, -1.175)  (1.956, -0.416)  (1.956, 0.416)  (1.617, 1.175)  (1.000, 1.731)  (0.209, 1.988)  (-0.618, 1.901)  (-1.338, 1.486)  (-1.826, 0.813)
step= 2  t=2.000  (-1.999, 0.000)  (-1.826, -0.813)  (-1.338, -1.486)  (-0.618, -1.901)  (0.209, -1.988)  (1.000, -1.731)  (1.617, -1.175)  (1.956, -0.416)  (1.956, 0.416)  (1.617, 1.175)  (1.000, 1.731)  (0.209, 1.988)  (-0.618, 1.901)  (-1.338, 1.486)  (-1.826, 0.813)
step= 3  t=3.000  (-1.999, 0.000)  (-1.826, -0.813)  (-1.338, -1.486)  (-0.618, -1.901)  (0.209, -1.988)  (1.000, -1.731)  (1.617, -1.175)  (1.956, -0.416)  (1.956, 0.416)  (1.617, 1.175)  (1.000, 1.731)  (0.209, 1.988)  (-0.618, 1.901)  (-1.338, 1.486)  (-1.826, 0.813)
step= 4  t=4.000  (-1.999, 0.000)  (-1.826, -0.813)  (-1.338, -1.486)  (-0.618, -1.901)  (0.209, -1.988)  (1.000, -1.731)  (1.617, -1.175)  (1.956, -0.416)  (1.956, 0.416)  (1.617, 1.175)  (1.000, 1.731)  (0.209, 1.988)  (-0.618, 1.901)  (-1.338, 1.486)  (-1.826, 0.813)
step= 5  t=5.000  (-1.999, 0.000)  (-1.826, -0.813)  (-1.338, -1.486)  (-0.618, -1.901)  (0.209, -1.988)  (1.000, -1.731)  (1.617, -1.175)  (1.956, -0.416)  (1.956, 0.416)  (1.617, 1.175)  (1.000, 1.731)  (0.209, 1.988)  (-0.618, 1.901)  (-1.338, 1.486)  (-1.826, 0.813)
step= 6  t=6.000  (-1.999, 0.000)  (-1.826, -0.813)  (-1.338, -1.486)  (-0.618, -1.901)  (0.209, -1.988)  (1.000, -1.731)  (1.617, -1.175)  (1.956, -0.416)  (1.956, 0.416)  (1.617, 1.175)  (1.000, 1.731)  (0.209, 1.988)  (-0.618, 1.901)  (-1.338, 1.486)  (-1.826, 0.813)
step= 7  t=7.000  (-1.999, 0.000)  (-1.826, -0.813)  (-1.338, -1.486)  (-0.618, -1.901)  (0.209, -1.988)  (1.000, -1.731)  (1.617, -1.175)  (1.956, -0.416)  (1.956, 0.416)  (1.617, 1.175)  (1.000, 1.731)  (0.209, 1.988)  (-0.618, 1.901)  (-1.338, 1.486)  (-1.826, 0.813)
step= 8  t=8.000  (-2.000, 0.000)  (-1.827, -0.813)  (-1.338, -1.486)  (-0.618, -1.902)  (0.209, -1.989)  (1.000, -1.732)  (1.618, -1.175)  (1.956, -0.416)  (1.956, 0.416)  (1.618, 1.175)  (1.000, 1.732)  (0.209, 1.989)  (-0.618, 1.902)  (-1.338, 1.486)  (-1.827, 0.813)
step= 9  t=9.000  (-2.000, 0.000)  (-1.827, -0.813)  (-1.338, -1.486)  (-0.618, -1.902)  (0.209, -1.989)  (1.000, -1.732)  (1.618, -1.175)  (1.956, -0.416)  (1.956, 0.416)  (1.618, 1.175)  (1.000, 1.732)  (0.209, 1.989)  (-0.618, 1.902)  (-1.338, 1.486)  (-1.827, 0.813)
step= 10  t=10.000  (-2.000, 0.000)  (-1.827, -0.813)  (-1.338, -1.486)  (-0.618, -1.902)  (0.209, -1.989)  (1.000, -1.732)  (1.618, -1.175)  (1.956, -0.416)  (1.956, 0.416)  (1.618, 1.175)  (1.000, 1.732)  (0.209, 1.989)  (-0.618, 1.902)  (-1.338, 1.486)  (-1.827, 0.813)
step= 11  t=11.000  (-2.000, 0.000)  (-1.830, -0.800)  (-1.353, -1.464)  (-0.569, -1.752)  (0.209, -1.989)  (1.000, -1.732)  (1.616, -1.177)  (1.956, -0.416)  (1.925, 0.430)  (1.618, 1.175)  (0.975, 1.703)  (0.193, 1.986)  (-0.618, 1.902)  (-1.338, 1.486)  (-1.822, 0.818)
step= 12  t=12.000  (-1.176, -0.071)  (-1.496, -0.661)  (-1.402, -1.426)  (-0.549, -1.702)  (0.190, -1.907)  (0.895, -1.504)  (1.443, -1.053)  (1.938, -0.394)  (1.867, 0.435)  (1.625, 1.166)  (0.975, 1.714)  (0.197, 1.725)  (-0.563, 1.745)  (-1.270, 1.413)  (-1.755, 0.789)
step= 13  t=13.000  (-1.419, -0.091)  (-1.565, -0.790)  (-1.357, -1.469)  (-0.512, -1.605)  (0.168, -1.993)  (0.905, -1.450)  (1.393, -1.061)  (1.968, -0.358)  (0.735, 0.178)  (1.623, 1.168)  (1.105, 1.667)  (0.149, 1.671)  (-0.471, 1.647)  (-1.261, 1.381)  (-1.723, 0.903)
step= 14  t=14.000  (-1.505, -0.128)  (-1.485, -0.549)  (-1.293, -1.493)  (-0.537, -1.571)  (0.100, -1.975)  (0.976, -1.411)  (1.325, -1.062)  (1.948, -0.325)  (1.263, 0.266)  (1.615, 1.152)  (1.161, 1.629)  (0.102, 1.616)  (-0.330, 1.582)  (-1.382, 1.369)  (-1.769, 0.934)
step= 15  t=15.000  (-1.633, -0.201)  (-1.312, -0.442)  (-1.082, -1.559)  (-0.458, -1.551)  (0.026, -1.964)  (0.849, -1.430)  (1.264, -1.010)  (1.930, -0.262)  (1.386, 0.181)  (1.629, 1.114)  (1.220, 1.585)  (0.115, 1.558)  (-0.307, 1.517)  (-1.475, 1.351)  (-1.751, 0.966)
step= 16  t=16.000  (-1.625, -0.112)  (-1.232, -0.407)  (-0.992, -1.495)  (-0.305, -1.535)  (0.089, -1.896)  (0.820, -1.447)  (1.214, -0.992)  (1.868, -0.311)  (1.355, 0.179)  (1.637, 1.093)  (1.068, 1.569)  (0.065, 1.531)  (-0.257, 1.475)  (-1.273, 1.371)  (-1.695, 0.740)
step= 17  t=17.000  (-1.462, 0.077)  (-1.116, -0.353)  (-0.896, -1.479)  (-0.207, -1.514)  (0.026, -1.805)  (0.807, -1.450)  (1.116, -1.017)  (1.449, -0.688)  (1.285, 0.207)  (1.647, 1.134)  (0.985, 1.556)  (0.066, 1.561)  (-0.385, 1.313)  (-1.212, 1.399)  (-1.718, 0.719)
step= 18  t=18.000  (-1.456, 0.086)  (-0.976, -0.298)  (-0.897, -1.457)  (-0.219, -1.499)  (0.030, -1.818)  (0.820, -1.392)  (1.214, -0.216)  (1.462, -0.753)  (1.218, 0.238)  (1.362, 1.090)  (0.802, 1.322)  (-0.107, 1.593)  (-0.358, 1.338)  (-1.116, 1.419)  (-1.605, 0.734)
step= 19  t=19.000  (-1.455, 0.081)  (-0.794, -0.189)  (-0.708, -1.182)  (-0.182, -1.457)  (0.022, -1.652)  (0.822, -1.281)  (1.056, 0.115)  (1.314, -0.783)  (1.212, 0.141)  (1.268, 1.070)  (0.682, 1.139)  (-0.332, 1.624)  (-0.361, 1.223)  (-0.811, 1.217)  (-1.727, 0.712)
step= 20  t=20.000  (-1.416, 0.071)  (-0.411, 0.057)  (-0.665, -1.062)  (0.201, -1.338)  (-0.346, -1.084)  (0.464, -0.786)  (0.897, 0.316)  (1.370, -0.737)  (1.025, -0.030)  (1.275, 1.219)  (0.570, 0.740)  (-0.369, 1.317)  (-0.245, 0.956)  (-0.887, 1.086)  (-1.484, 0.704)
step= 21  t=21.000  (-1.203, 0.141)  (0.096, 0.292)  (-1.025, -0.820)  (0.528, -1.230)  (-0.471, -1.455)  (0.637, -0.850)  (1.103, 0.414)  (1.132, -1.649)  (0.513, -0.077)  (0.917, 1.571)  (0.139, 0.473)  (-0.568, 1.439)  (0.104, 0.694)  (-0.865, 1.713)  (-1.858, 0.741)
step= 22  t=22.000  (-1.999, 0.063)  (0.154, 0.137)  (-0.752, -1.098)  (0.834, -0.919)  (-0.356, -1.968)  (0.659, -0.611)  (0.979, 0.996)  (1.549, -1.265)  (0.184, -0.033)  (0.803, 1.633)  (0.661, 0.745)  (0.165, 1.508)  (0.254, 0.083)  (-1.419, 1.382)  (-1.627, 1.164)
step= 23  t=23.000  (-1.969, 0.219)  (0.257, -0.166)  (-0.970, -1.042)  (0.840, -1.299)  (-0.226, -1.987)  (0.238, -0.799)  (1.078, 0.678)  (1.847, -0.767)  (0.496, -0.201)  (1.037, 1.615)  (0.702, 0.761)  (0.357, 1.937)  (0.321, -0.689)  (-1.357, 1.469)  (-1.843, 0.776)
step= 24  t=24.000  (-1.994, 0.118)  (0.242, -0.677)  (-1.393, -1.390)  (0.533, -1.801)  (0.379, -1.964)  (0.117, -1.024)  (1.540, 0.407)  (1.928, -0.533)  (0.663, -0.076)  (1.700, 1.054)  (0.609, 0.913)  (0.325, 1.973)  (0.634, -0.357)  (-1.357, 1.469)  (-1.843, 0.776)
step= 25  t=25.000  (-2.000, -0.014)  (0.165, -0.731)  (-1.395, -1.433)  (-0.127, -1.734)  (0.379, -1.964)  (0.331, -1.687)  (1.846, -0.583)  (1.969, -0.349)  (0.785, 0.234)  (1.700, 1.054)  (0.507, 1.522)  (0.325, 1.973)  (0.425, -0.311)  (-1.357, 1.469)  (-1.843, 0.776)
step= 26  t=26.000  (-2.000, -0.014)  (0.036, -0.701)  (-1.395, -1.433)  (-0.552, -1.854)  (0.379, -1.963)  (0.610, -1.622)  (1.800, -0.871)  (1.993, -0.158)  (1.321, 0.872)  (1.700, 1.054)  (0.613, 1.614)  (0.325, 1.973)  (0.133, -0.303)  (-1.357, 1.469)  (-1.843, 0.776)
step= 27  t=27.000  (-2.000, -0.014)  (-0.080, -0.567)  (-1.395, -1.433)  (-0.950, -1.759)  (0.379, -1.964)  (1.037, -1.710)  (1.363, -1.464)  (1.994, -0.158)  (1.595, 0.898)  (1.700, 1.054)  (0.962, 1.753)  (0.325, 1.973)  (-1.357, 0.404)  (-1.357, 1.469)  (-1.843, 0.776)
step= 28  t=28.000  (-1.999, -0.014)  (-0.913, -1.094)  (-1.395, -1.432)  (-0.950, -1.759)  (0.379, -1.963)  (1.037, -1.710)  (1.362, -1.464)  (1.993, -0.158)  (1.628, 0.867)  (1.699, 1.053)  (0.962, 1.753)  (0.325, 1.973)  (-1.017, 1.347)  (-1.357, 1.469)  (-1.843, 0.776)
step= 29  t=29.000  (-1.999, -0.014)  (-1.688, -1.073)  (-1.395, -1.432)  (-0.950, -1.759)  (0.379, -1.963)  (1.037, -1.710)  (1.362, -1.464)  (1.993, -0.158)  (1.844, 0.648)  (1.700, 1.053)  (0.962, 1.753)  (0.325, 1.973)  (-0.646, 1.892)  (-1.357, 1.469)  (-1.843, 0.776)
step= 30  t=30.000  (-1.999, -0.014)  (-1.873, -0.700)  (-1.395, -1.432)  (-0.950, -1.759)  (0.379, -1.963)  (1.037, -1.710)  (1.362, -1.464)  (1.993, -0.158)  (1.963, 0.382)  (1.700, 1.054)  (0.962, 1.753)  (0.325, 1.973)  (-0.646, 1.892)  (-1.357, 1.469)  (-1.843, 0.776)
step= 31  t=31.000  (-1.999, -0.014)  (-1.873, -0.700)  (-1.395, -1.432)  (-0.950, -1.759)  (0.379, -1.963)  (1.037, -1.710)  (1.362, -1.464)  (1.993, -0.158)  (1.963, 0.382)  (1.700, 1.054)  (0.962, 1.753)  (0.325, 1.973)  (-0.646, 1.892)  (-1.357, 1.469)  (-1.843, 0.776)
step= 32  t=32.000  (-1.999, -0.014)  (-1.873, -0.700)  (-1.395, -1.432)  (-0.950, -1.759)  (0.379, -1.963)  (1.037, -1.710)  (1.362, -1.464)  (1.993, -0.158)  (1.963, 0.382)  (1.699, 1.053)  (0.962, 1.753)  (0.325, 1.973)  (-0.646, 1.892)  (-1.357, 1.469)  (-1.843, 0.776)
step= 33  t=33.000  (-1.999, -0.014)  (-1.873, -0.700)  (-1.395, -1.432)  (-0.950, -1.759)  (0.379, -1.963)  (1.037, -1.710)  (1.362, -1.464)  (1.993, -0.158)  (1.963, 0.382)  (1.699, 1.053)  (0.962, 1.753)  (0.325, 1.973)  (-0.646, 1.892)  (-1.357, 1.468)  (-1.842, 0.776)
step= 34  t=34.000  (-1.999, -0.014)  (-1.873, -0.700)  (-1.395, -1.432)  (-0.950, -1.759)  (0.379, -1.963)  (1.037, -1.709)  (1.362, -1.464)  (1.993, -0.158)  (1.963, 0.382)  (1.699, 1.053)  (0.962, 1.753)  (0.325, 1.973)  (-0.646, 1.892)  (-1.357, 1.468)  (-1.842, 0.776)
step= 35  t=35.000  (-1.999, -0.014)  (-1.873, -0.700)  (-1.395, -1.432)  (-0.950, -1.759)  (0.379, -1.963)  (1.037, -1.709)  (1.362, -1.464)  (1.993, -0.158)  (1.962, 0.382)  (1.699, 1.053)  (0.962, 1.753)  (0.325, 1.973)  (-0.646, 1.892)  (-1.357, 1.468)  (-1.842, 0.776)
step= 36  t=36.000  (-1.999, -0.014)  (-1.873, -0.700)  (-1.395, -1.432)  (-0.950, -1.759)  (0.379, -1.963)  (1.037, -1.709)  (1.362, -1.464)  (1.993, -0.158)  (1.962, 0.382)  (1.699, 1.053)  (0.962, 1.753)  (0.325, 1.973)  (-0.646, 1.892)  (-1.357, 1.468)  (-1.842, 0.776)
step= 37  t=37.000  (-1.999, -0.014)  (-1.873, -0.700)  (-1.395, -1.432)  (-0.950, -1.759)  (0.379, -1.963)  (1.037, -1.709)  (1.362, -1.463)  (1.993, -0.158)  (1.962, 0.382)  (1.699, 1.053)  (0.962, 1.753)  (0.325, 1.973)  (-0.646, 1.892)  (-1.357, 1.468)  (-1.842, 0.776)
step= 38  t=38.000  (-1.999, -0.014)  (-1.873, -0.700)  (-1.395, -1.432)  (-0.950, -1.759)  (0.379, -1.963)  (1.037, -1.709)  (1.362, -1.463)  (1.993, -0.158)  (1.962, 0.382)  (1.699, 1.053)  (0.962, 1.753)  (0.325, 1.973)  (-0.646, 1.892)  (-1.357, 1.468)  (-1.842, 0.776)
step= 39  t=39.000  (-1.999, -0.014)  (-1.873, -0.700)  (-1.395, -1.432)  (-0.950, -1.759)  (0.379, -1.963)  (1.037, -1.709)  (1.362, -1.463)  (1.993, -0.158)  (1.962, 0.382)  (1.699, 1.053)  (0.962, 1.753)  (0.325, 1.973)  (-0.646, 1.892)  (-1.357, 1.468)  (-1.842, 0.776)
step= 40  t=40.000  (-1.999, -0.014)  (-1.873, -0.700)  (-1.395, -1.432)  (-0.950, -1.759)  (0.379, -1.963)  (1.037, -1.709)  (1.362, -1.463)  (1.993, -0.158)  (1.962, 0.382)  (1.680, 1.041)  (0.962, 1.753)  (0.325, 1.973)  (-0.646, 1.892)  (-1.357, 1.468)  (-1.132, 0.477)
step= 41  t=41.000  (-1.999, -0.014)  (-1.873, -0.700)  (-1.395, -1.432)  (-0.950, -1.759)  (0.158, -0.820)  (1.037, -1.709)  (1.362, -1.463)  (1.212, -0.096)  (1.962, 0.382)  (0.000, 0.000)  (0.962, 1.753)  (0.325, 1.973)  (-0.646, 1.892)  (-0.081, 0.088)  (0.000, 0.000)
step= 42  t=42.000  (-1.708, -0.012)  (-1.873, -0.700)  (-0.314, -0.322)  (-0.950, -1.759)  (0.000, 0.000)  (1.037, -1.709)  (1.362, -1.463)  (0.000, 0.000)  (1.962, 0.382)  (0.000, 0.000)  (0.962, 1.753)  (0.183, 1.111)  (-0.646, 1.892)  (0.000, 0.000)  (0.000, 0.000)
step= 43  t=43.000  (0.000, 0.000)  (-1.873, -0.700)  (0.000, 0.000)  (-0.950, -1.759)  (0.000, 0.000)  (1.037, -1.709)  (1.362, -1.463)  (0.000, 0.000)  (1.962, 0.382)  (0.000, 0.000)  (0.843, 1.537)  (0.000, 0.000)  (-0.646, 1.892)  (0.000, 0.000)  (0.000, 0.000)
step= 44  t=44.000  (0.000, 0.000)  (-1.873, -0.700)  (0.000, 0.000)  (-0.487, -0.901)  (0.000, 0.000)  (0.423, -0.698)  (1.362, -1.463)  (0.000, 0.000)  (1.962, 0.382)  (0.000, 0.000)  (0.000, 0.000)  (0.000, 0.000)  (-0.646, 1.892)  (0.000, 0.000)  (0.000, 0.000)
step= 45  t=45.000  (0.000, 0.000)  (-1.873, -0.700)  (0.000, 0.000)  (0.000, 0.000)  (0.000, 0.000)  (0.000, 0.000)  (1.362, -1.463)  (0.000, 0.000)  (1.962, 0.382)  (0.000, 0.000)  (0.000, 0.000)  (0.000, 0.000)  (-0.646, 1.892)  (0.000, 0.000)  (0.000, 0.000)
step= 46  t=46.000  (0.000, 0.000)  (-1.873, -0.700)  (0.000, 0.000)  (0.000, 0.000)  (0.000, 0.000)  (0.000, 0.000)  (0.161, -0.173)  (0.000, 0.000)  (1.962, 0.382)  (0.000, 0.000)  (0.000, 0.000)  (0.000, 0.000)  (-0.646, 1.892)  (0.000, 0.000)  (0.000, 0.000)
step= 47  t=47.000  (0.000, 0.000)  (-1.873, -0.700)  (0.000, 0.000)  (0.000, 0.000)  (0.000, 0.000)  (0.000, 0.000)  (0.000, 0.000)  (0.000, 0.000)  (1.077, 0.210)  (0.000, 0.000)  (0.000, 0.000)  (0.000, 0.000)  (-0.646, 1.892)  (0.000, 0.000)  (0.000, 0.000)
step= 48  t=48.000  (0.000, 0.000)  (-1.873, -0.700)  (0.000, 0.000)  (0.000, 0.000)  (0.000, 0.000)  (0.000, 0.000)  (0.000, 0.000)  (0.000, 0.000)  (0.000, 0.000)  (0.000, 0.000)  (0.000, 0.000)  (0.000, 0.000)  (-0.646, 1.892)  (0.000, 0.000)  (0.000, 0.000)
step= 49  t=49.000  (0.000, 0.000)  (-1.873, -0.700)  (0.000, 0.000)  (0.000, 0.000)  (0.000, 0.000)  (0.000, 0.000)  (0.000, 0.000)  (0.000, 0.000)  (0.000, 0.000)  (0.000, 0.000)  (0.000, 0.000)  (0.000, 0.000)  (-0.602, 1.762)  (0.000, 0.000)  (0.000, 0.000)
step= 50  t=50.000  (0.000, 0.000)  (-1.588, -0.593)  (0.000, 0.000)  (0.000, 0.000)  (0.000, 0.000)  (0.000, 0.000)  (0.000, 0.000)  (0.000, 0.000)  (0.000, 0.000)  (0.000, 0.000)  (0.000, 0.000)  (0.000, 0.000)  (0.000, 0.000)  (0.000, 0.000)  (0.000, 0.000)
