Simulation has 15 agents and 0 obstacle vertices in it.
Running simulation
step= 0  t=0.000  (40.000, 0.000)  (36.542, 16.269)  (26.765, 29.726)  (12.361, 38.042)  (-4.181, 39.781)  (-20.000, 34.641)  (-32.361, 23.511)  (-39.126, 8.316)  (-39.126, -8.316)  (-32.361, -23.511)  (-20.000, -34.641)  (-4.181, -39.781)  (12.361, -38.042)  (26.765, -29.726)  (36.542, -16.269)
step= 1  t=1.000  (38.001, 0.000)  (34.715, 15.456)  (25.427, 28.240)  (11.743, 36.141)  (-3.972, 37.793)  (-19.000, 32.910)  (-30.743, 22.336)  (-37.170, 7.901)  (-37.170, -7.901)  (-30.743, -22.336)  (-19.000, -32.910)  (-3.972, -37.793)  (11.743, -36.141)  (25.427, -28.240)  (34.715, -15.456)
step= 2  t=2.000  (36.002, 0.000)  (32.889, 14.643)  (24.090, 26.754)  (11.125, 34.240)  (-3.763, 35.804)  (-18.001, 31.178)  (-29.126, 21.161)  (-35.215, 7.485)  (-35.215, -7.485)  (-29.126, -21.161)  (-18.001, -31.178)  (-3.763, -35.804)  (11.125, -34.240)  (24.090, -26.754)  (32.889, -14.643)
step= 3  t=3.000  (34.002, 0.000)  (31.063, 13.830)  (22.752, 25.269)  (10.507, 32.338)  (-3.554, 33.816)  (-17.001, 29.447)  (-27.508, 19.986)  (-33.259, 7.069)  (-33.259, -7.069)  (-27.508, -19.986)  (-17.001, -29.447)  (-3.554, -33.816)  (10.507, -32.338)  (22.752, -25.269)  (31.063, -13.830)
step= 4  t=4.000  (32.003, 0.000)  (29.236, 13.017)  (21.414, 23.783)  (9.890, 30.437)  (-3.345, 31.828)  (-16.002, 27.716)  (-25.891, 18.811)  (-31.304, 6.654)  (-31.304, -6.654)  (-25.891, -18.811)  (-16.002, -27.716)  (-3.345, -31.828)  (9.890, -30.437)  (21.414, -23.783)  (29.236, -13.017)
step= 5  t=5.000  (30.004, 0.000)  (27.410, 12.204)  (20.077, 22.297)  (9.272, 28.535)  (-3.136, 29.840)  (-15.002, 25.984)  (-24.274, 17.636)  (-29.348, 6.238)  (-29.348, -6.238)  (-24.274, -17.636)  (-15.002, -25.984)  (-3.136, -29.840)  (9.272, -28.535)  (20.077, -22.297)  (27.410, -12.204)
step= 6  t=6.000  (28.005, 0.000)  (25.584, 11.391)  (18.739, 20.812)  (8.654, 26.634)  (-2.927, 27.851)  (-14.002, 24.253)  (-22.656, 16.461)  (-27.393, 5.823)  (-27.393, -5.823)  (-22.656, -16.461)  (-14.002, -24.253)  (-2.927, -27.851)  (8.654, -26.634)  (18.739, -20.812)  (25.584, -11.391)
step= 7  t=7.000  (26.006, 0.000)  (23.757, 10.577)  (17.401, 19.326)  (8.036, 24.733)  (-2.718, 25.863)  (-13.003, 22.521)  (-21.039, 15.286)  (-25.437, 5.407)  (-25.437, -5.407)  (-21.039, -15.286)  (-13.003, -22.521)  (-2.718, -25.863)  (8.036, -24.733)  (17.401, -19.326)  (23.757, -10.577)
step= 8  t=8.000  (24.006, 0.000)  (21.931, 9.764)  (16.063, 17.840)  (7.418, 22.831)  (-2.509, 23.875)  (-12.003, 20.790)  (-19.422, 14.111)  (-23.482, 4.991)  (-23.482, -4.991)  (-19.422, -14.111)  (-12.003, -20.790)  (-2.509, -23.875)  (7.418, -22.831)  (16.063, -17.840)  (21.931, -9.764)
step= 9  t=9.000  (22.007, -0.000)  (20.104, 8.951)  (14.725, 16.354)  (6.800, 20.929)  (-2.300, 21.886)  (-11.003, 19.058)  (-17.804, 12.935)  (-21.526, 4.575)  (-21.526, -4.575)  (-17.804, -12.935)  (-11.003, -19.058)  (-2.300, -21.886)  (6.800, -20.929)  (14.725, -16.354)  (20.104, -8.951)
step= 10  t=10.000  (20.007, 0.000)  (18.277, 8.137)  (13.387, 14.868)  (6.182, 19.028)  (-2.091, 19.897)  (-10.003, 17.326)  (-16.186, 11.760)  (-19.569, 4.160)  (-19.569, -4.160)  (-16.186, -11.760)  (-10.003, -17.326)  (-2.091, -19.897)  (6.182, -19.027)  (13.387, -14.868)  (18.277, -8.137)
step= 11  t=11.000  (18.007, 0.000)  (16.450, 7.324)  (12.049, 13.382)  (5.564, 17.126)  (-1.882, 17.908)  (-9.003, 15.594)  (-14.568, 10.584)  (-17.613, 3.744)  (-17.613, -3.744)  (-14.568, -10.584)  (-9.004, -15.595)  (-1.882, -17.908)  (5.564, -17.125)  (12.049, -13.382)  (16.450, -7.324)
step= 12  t=12.000  (16.054, 0.001)  (14.658, 6.506)  (10.699, 11.923)  (4.954, 15.265)  (-1.698, 15.919)  (-8.030, 13.913)  (-13.027, 9.474)  (-15.948, 3.347)  (-15.694, -3.331)  (-12.946, -9.424)  (-7.997, -13.870)  (-1.686, -16.034)  (4.973, -15.223)  (10.731, -11.886)  (14.675, -6.543)
step= 13  t=13.000  (14.224, 0.000)  (12.934, 5.721)  (9.424, 10.556)  (4.434, 13.891)  (-1.526, 13.957)  (-7.080, 12.258)  (-11.511, 8.333)  (-14.284, 2.969)  (-13.755, -2.849)  (-11.378, -8.323)  (-7.006, -12.212)  (-1.500, -14.231)  (4.420, -13.365)  (9.453, -10.390)  (13.017, -5.801)
step= 14  t=14.000  (12.724, 0.110)  (11.130, 4.897)  (8.100, 9.271)  (3.846, 12.468)  (-1.202, 12.009)  (-6.148, 10.603)  (-10.032, 7.151)  (-12.671, 2.532)  (-11.818, -2.351)  (-10.173, -7.375)  (-5.992, -10.533)  (-1.315, -12.516)  (3.870, -11.520)  (8.202, -8.844)  (11.585, -5.249)
step= 15  t=15.000  (11.154, 0.223)  (9.352, 3.981)  (6.853, 8.046)  (3.273, 11.048)  (-0.913, 10.030)  (-5.200, 8.917)  (-8.621, 5.967)  (-11.133, 2.109)  (-9.836, -2.081)  (-8.918, -6.338)  (-5.116, -8.870)  (-1.113, -10.856)  (3.358, -9.680)  (7.088, -7.183)  (10.140, -4.690)
step= 16  t=16.000  (9.650, 0.359)  (7.583, 3.047)  (5.636, 6.828)  (2.706, 9.679)  (-0.588, 8.056)  (-4.267, 7.242)  (-7.292, 4.719)  (-9.782, 2.407)  (-7.874, -1.693)  (-7.627, -5.431)  (-4.263, -7.268)  (-0.830, -9.246)  (2.983, -7.853)  (6.019, -5.493)  (8.704, -4.139)
step= 17  t=17.000  (8.214, 0.522)  (5.801, 2.139)  (4.463, 5.627)  (2.243, 8.294)  (-0.242, 6.118)  (-3.330, 5.664)  (-6.148, 3.371)  (-8.395, 2.530)  (-5.909, -1.319)  (-6.464, -4.546)  (-3.409, -5.706)  (-0.361, -7.668)  (2.705, -5.994)  (5.052, -3.857)  (7.274, -3.645)
step= 18  t=18.000  (6.959, 0.647)  (4.017, 1.235)  (3.208, 4.501)  (1.545, 7.018)  (0.201, 4.170)  (-2.514, 4.136)  (-4.916, 2.116)  (-7.079, 2.636)  (-4.021, -0.978)  (-5.552, -3.715)  (-2.564, -4.200)  (-0.047, -6.174)  (2.463, -4.130)  (4.176, -2.242)  (6.055, -3.036)
step= 19  t=19.000  (6.084, 1.254)  (2.259, 0.293)  (1.983, 3.431)  (0.882, 5.703)  (0.607, 2.218)  (-1.698, 2.790)  (-3.848, 0.879)  (-5.859, 2.846)  (-2.135, -0.497)  (-4.765, -2.873)  (-1.717, -2.657)  (0.116, -4.756)  (2.359, -2.246)  (3.480, -0.628)  (4.978, -2.544)
step= 20  t=20.000  (6.973, 3.045)  (0.506, -0.669)  (0.872, 2.525)  (0.191, 4.417)  (1.053, 0.408)  (-0.876, 1.636)  (-2.982, -0.342)  (-4.595, 3.142)  (-0.250, 0.164)  (-4.212, -2.246)  (-0.872, -1.050)  (0.312, -3.502)  (2.400, -0.594)  (2.918, 1.292)  (4.262, -2.098)
step= 21  t=21.000  (7.390, 4.499)  (-0.832, -1.673)  (-0.263, 1.781)  (-0.259, 3.526)  (1.667, -1.495)  (-0.052, 0.840)  (-2.416, -1.531)  (-3.926, 4.010)  (1.544, 0.395)  (-3.947, -1.945)  (-0.032, -0.157)  (0.551, -2.570)  (3.169, 1.086)  (2.282, 3.188)  (3.821, -1.664)
step= 22  t=22.000  (7.726, 6.009)  (-2.578, -2.649)  (-2.002, 1.077)  (-0.533, 2.692)  (2.036, -3.461)  (1.128, -0.244)  (-1.172, -2.732)  (-3.098, 4.579)  (3.116, 0.751)  (-4.520, -2.291)  (0.849, 1.290)  (0.534, -1.877)  (3.452, 3.047)  (1.529, 5.041)  (3.784, -1.354)
step= 23  t=23.000  (7.908, 7.247)  (-4.024, -3.936)  (-3.662, 0.397)  (-0.983, 1.463)  (2.154, -5.457)  (2.252, -1.607)  (0.285, -3.945)  (-1.937, 4.770)  (5.073, 1.162)  (-6.343, -3.113)  (1.835, 2.923)  (0.417, -1.601)  (3.258, 4.875)  (0.450, 6.725)  (4.097, -0.989)
step= 24  t=24.000  (7.875, 8.696)  (-5.554, -4.930)  (-4.934, -0.683)  (-1.621, -0.432)  (2.272, -7.453)  (3.346, -2.853)  (1.803, -5.246)  (-0.370, 4.864)  (7.030, 1.573)  (-7.792, -3.922)  (2.791, 4.583)  (0.438, -0.860)  (2.611, 6.698)  (-1.077, 8.016)  (4.097, -0.483)
step= 25  t=25.000  (7.290, 10.040)  (-7.114, -5.961)  (-6.005, -2.071)  (-2.170, -2.355)  (2.390, -9.450)  (4.231, -4.146)  (3.344, -6.521)  (1.587, 4.449)  (8.987, 1.984)  (-9.171, -4.475)  (3.788, 6.294)  (0.466, 0.873)  (1.749, 8.502)  (-2.604, 9.306)  (3.978, -0.102)
step= 26  t=26.000  (6.248, 11.069)  (-8.881, -6.899)  (-7.191, -3.665)  (-2.719, -4.278)  (2.507, -11.446)  (5.016, -5.498)  (4.929, -7.741)  (3.480, 3.806)  (10.944, 2.396)  (-9.280, -2.657)  (4.781, 8.030)  (0.656, 2.863)  (0.887, 10.307)  (-4.132, 10.597)  (2.215, 0.363)
step= 27  t=27.000  (4.566, 11.725)  (-10.775, -7.540)  (-8.392, -5.264)  (-3.268, -6.201)  (2.625, -13.442)  (5.762, -6.911)  (6.586, -8.861)  (5.373, 3.162)  (12.901, 2.807)  (-7.931, -1.181)  (5.774, 9.766)  (0.846, 4.854)  (0.025, 12.111)  (-5.659, 11.888)  (0.365, 1.122)
step= 28  t=28.000  (2.567, 11.789)  (-12.669, -8.182)  (-9.593, -6.863)  (-3.817, -8.124)  (2.743, -15.439)  (6.504, -8.500)  (8.325, -9.849)  (7.266, 2.518)  (14.858, 3.218)  (-6.226, -0.136)  (6.767, 11.502)  (1.036, 6.844)  (-0.837, 13.916)  (-7.186, 13.179)  (-1.292, 2.242)
step= 29  t=29.000  (0.575, 11.605)  (-14.563, -8.824)  (-10.794, -8.462)  (-4.366, -10.046)  (2.861, -17.435)  (7.421, -10.277)  (10.063, -10.837)  (9.159, 1.874)  (16.815, 3.629)  (-4.521, 0.909)  (7.759, 13.238)  (1.226, 8.835)  (-1.699, 15.720)  (-8.714, 14.470)  (-3.022, 3.245)
step= 30  t=30.000  (-1.212, 11.172)  (-16.457, -9.465)  (-11.995, -10.061)  (-4.915, -11.969)  (2.979, -19.431)  (8.339, -12.054)  (11.801, -11.825)  (11.052, 1.231)  (18.772, 4.040)  (-2.816, 1.954)  (8.752, 14.974)  (1.416, 10.826)  (-2.561, 17.525)  (-10.241, 15.761)  (-4.886, 3.970)
step= 31  t=31.000  (-3.128, 10.619)  (-18.351, -10.107)  (-13.196, -11.660)  (-5.464, -13.892)  (3.097, -21.427)  (9.256, -13.831)  (13.540, -12.813)  (12.945, 0.587)  (20.729, 4.451)  (-1.111, 2.999)  (9.745, 16.710)  (1.606, 12.816)  (-3.423, 19.329)  (-11.768, 17.051)  (-6.750, 4.694)
step= 32  t=32.000  (-5.049, 10.065)  (-20.245, -10.749)  (-14.397, -13.259)  (-6.013, -15.815)  (3.215, -23.424)  (10.173, -15.608)  (15.278, -13.802)  (14.838, -0.057)  (22.686, 4.863)  (0.594, 4.043)  (10.738, 18.445)  (1.796, 14.807)  (-4.285, 21.134)  (-13.296, 18.342)  (-8.614, 5.418)
step= 33  t=33.000  (-6.971, 9.512)  (-22.139, -11.390)  (-15.598, -14.858)  (-6.563, -17.738)  (3.333, -25.419)  (11.091, -17.385)  (17.017, -14.790)  (16.732, -0.701)  (24.643, 5.274)  (2.299, 5.088)  (11.730, 20.181)  (1.986, 16.798)  (-5.147, 22.938)  (-14.823, 19.633)  (-10.478, 6.142)
step= 34  t=34.000  (-8.891, 8.959)  (-24.033, -12.032)  (-16.799, -16.457)  (-7.112, -19.661)  (3.451, -27.415)  (12.008, -19.162)  (18.755, -15.778)  (18.625, -1.345)  (26.600, 5.685)  (4.003, 6.133)  (12.723, 21.917)  (2.176, 18.788)  (-6.008, 24.743)  (-16.350, 20.923)  (-12.341, 6.866)
step= 35  t=35.000  (-10.812, 8.406)  (-25.927, -12.673)  (-18.000, -18.056)  (-7.661, -21.583)  (3.569, -29.411)  (12.926, -20.939)  (20.494, -16.766)  (20.518, -1.989)  (28.557, 6.096)  (5.708, 7.178)  (13.715, 23.652)  (2.366, 20.778)  (-6.870, 26.547)  (-17.877, 22.214)  (-14.204, 7.590)
step= 36  t=36.000  (-12.733, 7.853)  (-27.821, -13.315)  (-19.201, -19.655)  (-8.210, -23.505)  (3.686, -31.406)  (13.843, -22.716)  (22.232, -17.754)  (22.411, -2.632)  (30.513, 6.507)  (7.412, 8.222)  (14.708, 25.388)  (2.557, 22.769)  (-7.732, 28.351)  (-19.404, 23.504)  (-16.067, 8.314)
step= 37  t=37.000  (-14.654, 7.299)  (-29.714, -13.956)  (-20.401, -21.253)  (-8.759, -25.428)  (3.804, -33.402)  (14.760, -24.493)  (23.971, -18.742)  (24.303, -3.276)  (32.470, 6.918)  (9.117, 9.267)  (15.700, 27.123)  (2.747, 24.759)  (-8.593, 30.155)  (-20.931, 24.795)  (-17.930, 9.038)
step= 38  t=38.000  (-16.575, 6.746)  (-31.608, -14.598)  (-21.602, -22.852)  (-9.307, -27.350)  (3.922, -35.398)  (15.678, -26.269)  (25.709, -19.730)  (26.196, -3.919)  (34.426, 7.329)  (10.822, 10.311)  (16.693, 28.859)  (2.937, 26.749)  (-9.455, 31.959)  (-22.458, 26.085)  (-19.794, 9.762)
step= 39  t=39.000  (-18.497, 6.193)  (-33.501, -15.239)  (-22.803, -24.450)  (-9.856, -29.272)  (4.040, -37.394)  (16.595, -28.045)  (27.447, -20.718)  (28.089, -4.563)  (36.383, 7.740)  (12.526, 11.356)  (17.685, 30.594)  (3.127, 28.739)  (-10.317, 33.763)  (-23.985, 27.376)  (-21.658, 10.486)
step= 40  t=40.000  (-20.419, 5.639)  (-35.395, -15.881)  (-24.003, -26.049)  (-10.405, -31.195)  (4.158, -39.389)  (17.512, -29.822)  (29.185, -21.706)  (29.982, -5.207)  (38.339, 8.151)  (14.231, 12.401)  (18.678, 32.329)  (3.317, 30.729)  (-11.178, 35.567)  (-25.512, 28.666)  (-23.522, 11.211)
step= 41  t=41.000  (-22.340, 5.086)  (-36.542, -16.269)  (-25.204, -27.647)  (-10.954, -33.117)  (4.181, -39.781)  (18.429, -31.598)  (30.923, -22.694)  (31.874, -5.850)  (39.126, 8.316)  (15.935, 13.445)  (19.671, 34.065)  (3.507, 32.719)  (-12.040, 37.371)  (-26.765, 29.726)  (-25.386, 11.935)
step= 42  t=42.000  (-24.262, 4.532)  (-36.542, -16.269)  (-26.405, -29.246)  (-11.503, -35.040)  (4.181, -39.781)  (19.346, -33.375)  (32.361, -23.511)  (33.767, -6.494)  (39.126, 8.316)  (17.640, 14.490)  (20.000, 34.641)  (3.697, 34.710)  (-12.361, 38.042)  (-26.765, 29.726)  (-27.250, 12.659)
step= 43  t=43.000  (-26.184, 3.979)  (-36.542, -16.269)  (-26.765, -29.726)  (-12.052, -36.962)  (4.181, -39.781)  (20.000, -34.641)  (32.361, -23.511)  (35.660, -7.138)  (39.126, 8.316)  (19.344, 15.535)  (20.000, 34.641)  (3.887, 36.700)  (-12.361, 38.042)  (-26.765, 29.726)  (-29.114, 13.383)
step= 44  t=44.000  (-28.105, 3.426)  (-36.542, -16.269)  (-26.765, -29.726)  (-12.361, -38.042)  (4.181, -39.781)  (20.000, -34.641)  (32.361, -23.511)  (37.553, -7.781)  (39.126, 8.316)  (21.049, 16.579)  (20.000, 34.641)  (4.077, 38.690)  (-12.361, 38.042)  (-26.765, 29.726)  (-30.978, 14.108)
step= 45  t=45.000  (-30.026, 2.872)  (-36.542, -16.269)  (-26.765, -29.726)  (-12.361, -38.042)  (4.181, -39.781)  (20.000, -34.641)  (32.361, -23.511)  (39.126, -8.317)  (39.126, 8.316)  (22.754, 17.624)  (20.000, 34.641)  (4.181, 39.781)  (-12.361, 38.042)  (-26.765, 29.726)  (-32.841, 14.832)
step= 46  t=46.000  (-31.948, 2.319)  (-36.542, -16.269)  (-26.765, -29.726)  (-12.361, -38.042)  (4.181, -39.781)  (20.000, -34.641)  (32.361, -23.511)  (39.126, -8.317)  (39.126, 8.316)  (24.458, 18.668)  (20.000, 34.641)  (4.181, 39.781)  (-12.361, 38.042)  (-26.765, 29.726)  (-34.705, 15.556)
step= 47  t=47.000  (-33.869, 1.766)  (-36.542, -16.269)  (-26.765, -29.726)  (-12.361, -38.042)  (4.181, -39.781)  (20.000, -34.641)  (32.361, -23.511)  (39.126, -8.317)  (39.126, 8.316)  (26.163, 19.713)  (20.000, 34.641)  (4.181, 39.781)  (-12.361, 38.042)  (-26.765, 29.726)  (-36.542, 16.270)
step= 48  t=48.000  (-35.790, 1.212)  (-36.542, -16.269)  (-26.765, -29.726)  (-12.361, -38.042)  (4.181, -39.781)  (20.000, -34.641)  (32.361, -23.511)  (39.126, -8.317)  (39.126, 8.316)  (27.867, 20.758)  (20.000, 34.641)  (4.181, 39.781)  (-12.361, 38.042)  (-26.765, 29.726)  (-36.542, 16.270)
step= 49  t=49.000  (-37.711, 0.659)  (-36.542, -16.269)  (-26.765, -29.726)  (-12.361, -38.042)  (4.181, -39.781)  (20.000, -34.641)  (32.361, -23.511)  (39.126, -8.317)  (39.126, 8.316)  (29.572, 21.802)  (20.000, 34.641)  (4.181, 39.781)  (-12.361, 38.042)  (-26.765, 29.726)  (-36.542, 16.270)
step= 50  t=50.000  (-39.632, 0.106)  (-36.542, -16.269)  (-26.765, -29.726)  (-12.361, -38.042)  (4.181, -39.781)  (20.000, -34.641)  (32.361, -23.511)  (39.126, -8.317)  (39.126, 8.316)  (31.277, 22.847)  (20.000, 34.641)  (4.181, 39.781)  (-12.361, 38.042)  (-26.765, 29.726)  (-36.542, 16.270)
step= 51  t=51.000  (-40.000, 0.000)  (-36.542, -16.269)  (-26.765, -29.726)  (-12.361, -38.042)  (4.181, -39.781)  (20.000, -34.641)  (32.361, -23.511)  (39.126, -8.317)  (39.126, 8.316)  (32.361, 23.511)  (20.000, 34.641)  (4.181, 39.781)  (-12.361, 38.042)  (-26.765, 29.726)  (-36.542, 16.270)
