Simulation has 15 agents and 0 obstacle vertices in it.
Running simulation
step= 0  t=0.000  (40.000, 0.000)  (36.542, 16.269)  (26.765, 29.726)  (12.361, 38.042)  (-4.181, 39.781)  (-20.000, 34.641)  (-32.361, 23.511)  (-39.126, 8.316)  (-39.126, -8.316)  (-32.361, -23.511)  (-20.000, -34.641)  (-4.181, -39.781)  (12.361, -38.042)  (26.765, -29.726)  (36.542, -16.269)
step= 1  t=1.000  (38.001, 0.000)  (34.715, 15.456)  (25.427, 28.240)  (11.743, 36.141)  (-3.972, 37.793)  (-19.000, 32.910)  (-30.743, 22.336)  (-37.170, 7.901)  (-37.170, -7.901)  (-30.743, -22.336)  (-19.000, -32.910)  (-3.972, -37.793)  (11.743, -36.141)  (25.427, -28.240)  (34.715, -15.456)
step= 2  t=2.000  (36.002, 0.000)  (32.889, 14.643)  (24.090, 26.754)  (11.125, 34.240)  (-3.763, 35.804)  (-18.001, 31.178)  (-29.126, 21.161)  (-35.215, 7.485)  (-35.215, -7.485)  (-29.126, -21.161)  (-18.001, -31.178)  (-3.763, -35.804)  (11.125, -34.240)  (24.090, -26.754)  (32.889, -14.643)
step= 3  t=3.000  (34.002, 0.000)  (31.063, 13.830)  (22.752, 25.269)  (10.507, 32.338)  (-3.554, 33.816)  (-17.001, 29.447)  (-27.508, 19.986)  (-33.259, 7.069)  (-33.259, -7.069)  (-27.508, -19.986)  (-17.001, -29.447)  (-3.554, -33.816)  (10.507, -32.338)  (22.752, -25.269)  (31.063, -13.830)
step= 4  t=4.000  (32.003, 0.000)  (29.236, 13.017)  (21.414, 23.783)  (9.890, 30.437)  (-3.345, 31.828)  (-16.002, 27.716)  (-25.891, 18.811)  (-31.304, 6.654)  (-31.304, -6.654)  (-25.891, -18.811)  (-16.002, -27.716)  (-3.345, -31.828)  (9.890, -30.437)  (21.414, -23.783)  (29.236, -13.017)
step= 5  t=5.000  (30.004, 0.000)  (27.410, 12.204)  (20.077, 22.297)  (9.272, 28.535)  (-3.136, 29.840)  (-15.002, 25.984)  (-24.274, 17.636)  (-29.348, 6.238)  (-29.348, -6.238)  (-24.274, -17.636)  (-15.002, -25.984)  (-3.136, -29.840)  (9.272, -28.535)  (20.077, -22.297)  (27.410, -12.204)
step= 6  t=6.000  (28.005, 0.000)  (25.584, 11.391)  (18.739, 20.812)  (8.654, 26.634)  (-2.927, 27.851)  (-14.002, 24.253)  (-22.656, 16.461)  (-27.393, 5.823)  (-27.393, -5.823)  (-22.656, -16.461)  (-14.002, -24.253)  (-2.927, -27.851)  (8.654, -26.634)  (18.739, -20.812)  (25.584, -11.391)
step= 7  t=7.000  (26.006, 0.000)  (23.757, 10.577)  (17.401, 19.326)  (8.036, 24.733)  (-2.718, 25.863)  (-13.003, 22.521)  (-21.039, 15.286)  (-25.437, 5.407)  (-25.437, -5.407)  (-21.039, -15.286)  (-13.003, -22.521)  (-2.718, -25.863)  (8.036, -24.733)  (17.401, -19.326)  (23.757, -10.577)
step= 8  t=8.000  (24.006, 0.000)  (21.931, 9.764)  (16.063, 17.840)  (7.418, 22.831)  (-2.509, 23.875)  (-12.003, 20.790)  (-19.422, 14.111)  (-23.482, 4.991)  (-23.482, -4.991)  (-19.422, -14.111)  (-12.003, -20.790)  (-2.509, -23.875)  (7.418, -22.831)  (16.063, -17.840)  (21.931, -9.764)
step= 9  t=9.000  (22.007, 0.000)  (20.104, 8.951)  (14.726, 16.355)  (6.801, 20.930)  (-2.300, 21.886)  (-11.004, 19.059)  (-17.804, 12.936)  (-21.526, 4.576)  (-21.526, -4.576)  (-17.804, -12.935)  (-11.004, -19.059)  (-2.300, -21.887)  (6.801, -20.930)  (14.726, -16.355)  (20.105, -8.951)
step= 10  t=10.000  (20.008, 0.000)  (18.278, 8.138)  (13.388, 14.869)  (6.183, 19.029)  (-2.091, 19.898)  (-10.004, 17.327)  (-16.187, 11.761)  (-19.571, 4.160)  (-19.571, -4.160)  (-16.187, -11.760)  (-10.004, -17.328)  (-2.091, -19.899)  (6.183, -19.029)  (13.388, -14.869)  (18.278, -8.138)
step= 11  t=11.000  (18.009, 0.000)  (16.451, 7.325)  (12.050, 13.383)  (5.565, 17.127)  (-1.882, 17.910)  (-9.004, 15.596)  (-14.570, 10.585)  (-17.615, 3.744)  (-17.616, -3.744)  (-14.569, -10.585)  (-9.005, -15.596)  (-1.882, -17.910)  (5.565, -17.127)  (12.050, -13.383)  (16.452, -7.325)
step= 12  t=12.000  (16.010, 0.000)  (14.625, 6.512)  (10.712, 11.897)  (4.947, 15.226)  (-1.673, 15.922)  (-8.005, 13.864)  (-12.952, 9.410)  (-15.659, 3.329)  (-15.660, -3.329)  (-12.952, -9.410)  (-8.005, -13.865)  (-1.673, -15.922)  (4.947, -15.226)  (10.712, -11.897)  (14.625, -6.512)
step= 13  t=13.000  (14.958, -0.000)  (12.859, 5.750)  (9.484, 10.483)  (4.393, 13.470)  (-1.464, 13.983)  (-7.048, 12.190)  (-11.525, 8.400)  (-13.752, 2.958)  (-15.538, -3.286)  (-11.380, -8.258)  (-6.997, -12.137)  (-1.506, -14.261)  (4.360, -13.444)  (9.645, -10.763)  (12.983, -5.752)
step= 14  t=14.000  (13.594, 0.135)  (11.048, 4.902)  (8.571, 9.288)  (3.866, 11.804)  (-1.355, 12.320)  (-6.112, 10.982)  (-10.130, 7.424)  (-11.797, 2.541)  (-14.554, -3.010)  (-9.866, -7.068)  (-5.920, -10.452)  (-1.370, -12.576)  (3.742, -11.543)  (8.529, -9.601)  (11.156, -4.940)
step= 15  t=15.000  (11.985, 0.204)  (9.388, 4.059)  (7.695, 7.946)  (3.403, 10.117)  (-1.449, 10.341)  (-5.298, 9.757)  (-8.734, 6.444)  (-9.816, 2.265)  (-13.090, -2.697)  (-8.408, -5.964)  (-4.904, -8.729)  (-1.167, -10.898)  (3.362, -9.657)  (7.397, -8.367)  (9.360, -4.269)
step= 16  t=16.000  (10.540, 0.355)  (7.834, 3.128)  (6.805, 6.453)  (2.956, 8.483)  (-1.389, 8.342)  (-4.470, 8.518)  (-7.540, 5.480)  (-7.828, 2.044)  (-11.395, -2.382)  (-7.034, -4.794)  (-3.958, -6.967)  (-1.105, -9.246)  (3.041, -7.820)  (6.490, -7.454)  (7.531, -3.460)
step= 17  t=17.000  (9.173, 0.513)  (6.392, 2.087)  (5.926, 4.934)  (2.516, 6.869)  (-1.285, 6.499)  (-3.571, 7.254)  (-6.289, 4.533)  (-5.844, 1.789)  (-9.775, -2.162)  (-5.737, -3.579)  (-3.065, -5.220)  (-1.024, -7.602)  (2.736, -6.127)  (5.555, -6.459)  (5.732, -2.586)
step= 18  t=18.000  (7.866, 0.646)  (5.032, 1.072)  (5.098, 3.401)  (2.297, 5.418)  (-1.147, 4.763)  (-2.608, 6.027)  (-5.105, 3.556)  (-3.863, 1.517)  (-8.188, -1.663)  (-4.373, -2.489)  (-2.263, -3.418)  (-0.923, -5.960)  (2.315, -4.362)  (4.694, -5.526)  (4.044, -1.758)
step= 19  t=19.000  (6.599, 0.824)  (3.747, 0.090)  (4.394, 1.838)  (2.221, 4.079)  (-1.171, 3.015)  (-1.392, 4.958)  (-3.941, 2.703)  (-1.881, 1.248)  (-6.701, -1.237)  (-3.144, -1.544)  (-1.440, -1.686)  (-0.768, -4.321)  (1.835, -2.631)  (3.721, -5.208)  (2.504, -0.908)
step= 20  t=20.000  (8.473, 0.125)  (2.620, -0.873)  (3.668, 0.382)  (2.206, 2.867)  (-1.165, 1.532)  (-0.023, 4.124)  (-2.917, 1.751)  (0.113, 1.096)  (-5.294, -0.858)  (-1.747, -0.763)  (-0.605, 0.033)  (-0.478, -2.740)  (1.278, -1.105)  (2.770, -4.919)  (0.900, -0.031)
step= 21  t=21.000  (9.279, -1.329)  (1.393, -1.850)  (3.206, -1.138)  (3.531, 2.117)  (-1.249, 0.193)  (1.504, 3.423)  (-2.115, 0.812)  (2.110, 0.982)  (-4.016, -0.492)  (-0.209, -0.167)  (0.223, 1.853)  (-0.127, -1.360)  (1.089, 0.116)  (1.879, -4.658)  (-0.486, 0.969)
step= 22  t=22.000  (9.126, -2.539)  (-0.265, -2.969)  (2.722, -2.588)  (5.408, 1.569)  (-1.640, -1.325)  (3.399, 3.151)  (-1.289, 0.258)  (3.854, 0.356)  (-3.052, -0.173)  (1.564, 0.279)  (0.340, 3.567)  (0.186, -0.333)  (0.629, 1.639)  (1.109, -4.455)  (-2.227, 1.953)
step= 23  t=23.000  (8.349, -3.189)  (-1.837, -4.205)  (2.236, -3.709)  (7.155, 1.104)  (-2.100, -2.480)  (5.262, 2.672)  (-0.451, -0.630)  (5.686, -0.207)  (-2.234, 0.334)  (3.160, 1.484)  (1.409, 5.257)  (0.744, 0.879)  (-0.076, 3.260)  (0.619, -5.662)  (-4.072, 2.723)
step= 24  t=24.000  (7.264, -3.882)  (-3.417, -5.432)  (1.585, -4.853)  (8.944, 0.635)  (-2.374, -3.743)  (6.909, 2.034)  (1.208, -1.468)  (7.555, -0.754)  (-0.924, 0.818)  (4.757, 2.688)  (2.478, 6.947)  (1.021, 2.805)  (-0.742, 5.146)  (0.021, -6.737)  (-5.918, 3.493)
step= 25  t=25.000  (5.777, -4.525)  (-5.317, -6.054)  (0.988, -6.017)  (10.689, 0.237)  (-2.672, -5.036)  (8.250, 1.047)  (2.863, -2.300)  (9.446, -1.280)  (1.042, 1.186)  (6.353, 3.892)  (3.548, 8.637)  (1.191, 4.797)  (-1.407, 7.031)  (-0.587, -7.854)  (-7.763, 4.263)
step= 26  t=26.000  (3.861, -5.100)  (-7.217, -6.675)  (0.440, -7.242)  (12.037, 0.120)  (-2.966, -6.340)  (9.600, -0.285)  (4.512, -3.129)  (11.365, -1.781)  (3.007, 1.554)  (7.949, 5.096)  (4.617, 10.326)  (1.361, 6.789)  (-2.073, 8.916)  (-1.175, -9.016)  (-9.607, 5.032)
step= 27  t=27.000  (1.875, -4.869)  (-9.116, -7.297)  (-0.073, -8.527)  (12.872, -0.011)  (-3.251, -7.656)  (10.855, -1.842)  (6.126, -4.310)  (13.311, -2.239)  (4.973, 1.922)  (9.546, 6.300)  (5.686, 12.016)  (1.532, 8.781)  (-2.739, 10.801)  (-1.993, -10.249)  (-11.452, 5.802)
step= 28  t=28.000  (-0.111, -4.638)  (-11.016, -7.918)  (-0.603, -10.038)  (11.945, -0.592)  (-3.556, -9.043)  (12.068, -3.433)  (7.739, -5.491)  (15.257, -2.697)  (6.938, 2.290)  (11.142, 7.505)  (6.754, 13.705)  (1.702, 10.773)  (-3.405, 12.686)  (-3.806, -11.092)  (-13.297, 6.572)
step= 29  t=29.000  (-2.097, -4.407)  (-12.916, -8.540)  (-1.455, -11.847)  (10.857, -2.269)  (-3.611, -10.305)  (13.289, -5.016)  (9.346, -6.672)  (17.204, -3.155)  (8.903, 2.658)  (12.738, 8.709)  (7.823, 15.394)  (1.872, 12.765)  (-4.071, 14.571)  (-5.612, -11.952)  (-15.142, 7.341)
step= 30  t=30.000  (-4.082, -4.176)  (-14.816, -9.161)  (-2.491, -13.558)  (9.768, -3.946)  (-3.234, -11.676)  (14.554, -6.566)  (10.933, -7.846)  (19.149, -3.613)  (10.868, 3.026)  (14.334, 9.913)  (8.892, 17.084)  (2.042, 14.757)  (-4.736, 16.456)  (-6.818, -11.910)  (-16.987, 8.111)
step= 31  t=31.000  (-6.068, -3.945)  (-16.716, -9.783)  (-3.498, -15.286)  (8.680, -5.622)  (-2.843, -13.085)  (15.842, -8.096)  (12.510, -9.014)  (21.095, -4.072)  (12.833, 3.394)  (15.930, 11.116)  (9.961, 18.773)  (2.213, 16.748)  (-5.402, 18.340)  (-7.431, -11.147)  (-18.833, 8.881)
step= 32  t=32.000  (-8.053, -3.715)  (-18.616, -10.405)  (-5.197, -16.340)  (7.592, -7.299)  (-2.335, -15.018)  (17.161, -9.599)  (14.083, -10.172)  (23.041, -4.530)  (14.797, 3.762)  (17.525, 12.320)  (11.029, 20.462)  (2.383, 18.740)  (-6.068, 20.225)  (-8.105, -9.432)  (-20.678, 9.651)
step= 33  t=33.000  (-10.038, -3.484)  (-20.516, -11.026)  (-6.895, -17.394)  (6.504, -8.976)  (-1.826, -16.951)  (18.490, -11.094)  (15.659, -11.324)  (24.987, -4.988)  (16.762, 4.129)  (19.121, 13.524)  (12.098, 22.151)  (2.553, 20.732)  (-6.733, 22.110)  (-8.964, -7.628)  (-22.523, 10.421)
step= 34  t=34.000  (-12.024, -3.253)  (-22.416, -11.648)  (-8.594, -18.448)  (5.415, -10.652)  (-1.317, -18.884)  (19.828, -12.580)  (17.239, -12.473)  (26.932, -5.446)  (18.727, 4.497)  (20.717, 14.728)  (13.167, 23.841)  (2.723, 22.723)  (-7.399, 23.995)  (-9.824, -5.824)  (-24.368, 11.190)
step= 35  t=35.000  (-14.009, -3.022)  (-24.316, -12.270)  (-10.292, -19.502)  (4.327, -12.329)  (-0.809, -20.817)  (21.125, -14.103)  (18.822, -13.622)  (28.878, -5.904)  (20.692, 4.865)  (22.313, 15.932)  (14.236, 25.530)  (2.893, 24.715)  (-8.065, 25.880)  (-10.684, -4.019)  (-26.213, 11.960)
step= 36  t=36.000  (-15.994, -2.791)  (-26.216, -12.891)  (-11.990, -20.556)  (3.239, -14.006)  (-0.300, -22.750)  (22.376, -15.663)  (20.409, -14.776)  (30.824, -6.362)  (22.657, 5.233)  (23.909, 17.136)  (15.305, 27.220)  (3.064, 26.707)  (-8.731, 27.765)  (-11.544, -2.215)  (-28.058, 12.730)
step= 37  t=37.000  (-17.980, -2.560)  (-28.116, -13.513)  (-13.689, -21.610)  (2.151, -15.683)  (0.208, -24.683)  (23.511, -17.310)  (22.003, -15.934)  (32.770, -6.820)  (24.622, 5.601)  (25.505, 18.340)  (16.373, 28.909)  (3.234, 28.699)  (-9.397, 29.650)  (-12.404, -0.410)  (-29.903, 13.500)
step= 38  t=38.000  (-19.965, -2.330)  (-30.016, -14.135)  (-15.388, -22.665)  (1.063, -17.359)  (0.717, -26.616)  (24.337, -19.131)  (23.616, -17.114)  (34.716, -7.278)  (26.587, 5.969)  (27.101, 19.544)  (17.442, 30.598)  (3.404, 30.691)  (-10.062, 31.535)  (-13.264, 1.394)  (-31.748, 14.269)
step= 39  t=39.000  (-21.951, -2.099)  (-31.916, -14.756)  (-17.086, -23.719)  (-0.026, -19.036)  (1.226, -28.550)  (23.799, -21.056)  (25.230, -18.295)  (36.662, -7.736)  (28.552, 6.337)  (28.697, 20.748)  (18.511, 32.288)  (3.574, 32.683)  (-10.728, 33.420)  (-14.124, 3.199)  (-33.593, 15.039)
step= 40  t=40.000  (-23.936, -1.868)  (-33.816, -15.378)  (-18.785, -24.773)  (-1.114, -20.713)  (1.734, -30.483)  (23.260, -22.981)  (26.843, -19.475)  (38.608, -8.195)  (30.517, 6.705)  (30.293, 21.952)  (19.580, 33.977)  (3.745, 34.675)  (-11.394, 35.305)  (-14.984, 5.003)  (-35.438, 15.809)
step= 41  t=41.000  (-25.922, -1.637)  (-35.717, -15.999)  (-20.484, -25.827)  (-2.202, -22.390)  (2.243, -32.416)  (22.722, -24.906)  (28.456, -20.655)  (39.126, -8.316)  (32.482, 7.073)  (31.889, 23.156)  (20.000, 34.641)  (3.915, 36.667)  (-12.060, 37.190)  (-15.844, 6.808)  (-36.542, 16.269)
step= 42  t=42.000  (-27.908, -1.406)  (-36.542, -16.269)  (-22.182, -26.882)  (-3.290, -24.067)  (2.752, -34.349)  (22.184, -26.831)  (30.069, -21.835)  (39.126, -8.316)  (34.447, 7.441)  (32.361, 23.511)  (20.000, 34.641)  (4.085, 38.659)  (-12.361, 38.042)  (-16.704, 8.613)  (-36.542, 16.269)
step= 43  t=43.000  (-29.894, -1.175)  (-36.542, -16.269)  (-23.881, -27.936)  (-4.379, -25.744)  (3.261, -36.283)  (21.645, -28.756)  (31.683, -23.015)  (39.126, -8.316)  (36.412, 7.808)  (32.361, 23.511)  (20.000, 34.641)  (4.181, 39.781)  (-12.361, 38.042)  (-17.564, 10.417)  (-36.542, 16.269)
step= 44  t=44.000  (-31.880, -0.944)  (-36.542, -16.269)  (-25.580, -28.990)  (-5.467, -27.421)  (3.769, -38.216)  (21.107, -30.682)  (32.361, -23.511)  (39.126, -8.316)  (38.377, 8.176)  (32.361, 23.511)  (20.000, 34.641)  (4.181, 39.781)  (-12.361, 38.042)  (-18.424, 12.222)  (-36.542, 16.269)
step= 45  t=45.000  (-33.866, -0.713)  (-36.542, -16.269)  (-26.765, -29.726)  (-6.556, -29.098)  (4.181, -39.781)  (20.569, -32.607)  (32.361, -23.511)  (39.126, -8.316)  (39.126, 8.316)  (32.361, 23.511)  (20.000, 34.641)  (4.181, 39.781)  (-12.361, 38.042)  (-19.284, 14.027)  (-36.542, 16.269)
step= 46  t=46.000  (-35.851, -0.482)  (-36.542, -16.269)  (-26.765, -29.726)  (-7.644, -30.775)  (4.181, -39.781)  (20.030, -34.532)  (32.361, -23.511)  (39.126, -8.316)  (39.126, 8.316)  (32.361, 23.511)  (20.000, 34.641)  (4.181, 39.781)  (-12.361, 38.042)  (-20.144, 15.832)  (-36.542, 16.269)
step= 47  t=47.000  (-37.837, -0.251)  (-36.542, -16.269)  (-26.765, -29.726)  (-8.732, -32.452)  (4.181, -39.781)  (20.000, -34.641)  (32.361, -23.511)  (39.126, -8.316)  (39.126, 8.316)  (32.361, 23.511)  (20.000, 34.641)  (4.181, 39.781)  (-12.361, 38.042)  (-21.004, 17.636)  (-36.542, 16.269)
step= 48  t=48.000  (-39.823, -0.021)  (-36.542, -16.269)  (-26.765, -29.726)  (-9.821, -34.129)  (4.181, -39.781)  (20.000, -34.641)  (32.361, -23.511)  (39.126, -8.316)  (39.126, 8.316)  (32.361, 23.511)  (20.000, 34.641)  (4.181, 39.781)  (-12.361, 38.042)  (-21.864, 19.441)  (-36.542, 16.269)
step= 49  t=49.000  (-40.000, -0.000)  (-36.542, -16.269)  (-26.765, -29.726)  (-10.909, -35.806)  (4.181, -39.781)  (20.000, -34.641)  (32.361, -23.511)  (39.126, -8.316)  (39.126, 8.316)  (32.361, 23.511)  (20.000, 34.641)  (4.181, 39.781)  (-12.361, 38.042)  (-22.724, 21.246)  (-36.542, 16.269)
step= 50  t=50.000  (-40.000, -0.000)  (-36.542, -16.269)  (-26.765, -29.726)  (-11.997, -37.483)  (4.181, -39.781)  (20.000, -34.641)  (32.361, -23.511)  (39.126, -8.316)  (39.126, 8.316)  (32.361, 23.511)  (20.000, 34.641)  (4.181, 39.781)  (-12.361, 38.042)  (-23.584, 23.051)  (-36.542, 16.269)
step= 51  t=51.000  (-40.000, -0.000)  (-36.542, -16.269)  (-26.765, -29.726)  (-12.361, -38.042)  (4.181, -39.781)  (20.000, -34.641)  (32.361, -23.511)  (39.126, -8.316)  (39.126, 8.316)  (32.361, 23.511)  (20.000, 34.641)  (4.181, 39.781)  (-12.361, 38.042)  (-24.444, 24.855)  (-36.542, 16.269)
step= 52  t=52.000  (-40.000, -0.000)  (-36.542, -16.269)  (-26.765, -29.726)  (-12.361, -38.042)  (4.181, -39.781)  (20.000, -34.641)  (32.361, -23.511)  (39.126, -8.316)  (39.126, 8.316)  (32.361, 23.511)  (20.000, 34.641)  (4.181, 39.781)  (-12.361, 38.042)  (-25.304, 26.660)  (-36.542, 16.269)
step= 53  t=53.000  (-40.000, -0.000)  (-36.542, -16.269)  (-26.765, -29.726)  (-12.361, -38.042)  (4.181, -39.781)  (20.000, -34.641)  (32.361, -23.511)  (39.126, -8.316)  (39.126, 8.316)  (32.361, 23.511)  (20.000, 34.641)  (4.181, 39.781)  (-12.361, 38.042)  (-26.164, 28.465)  (-36.542, 16.269)
step= 54  t=54.000  (-40.000, -0.000)  (-36.542, -16.269)  (-26.765, -29.726)  (-12.361, -38.042)  (4.181, -39.781)  (20.000, -34.641)  (32.361, -23.511)  (39.126, -8.316)  (39.126, 8.316)  (32.361, 23.511)  (20.000, 34.641)  (4.181, 39.781)  (-12.361, 38.042)  (-26.765, 29.726)  (-36.542, 16.269)
