Simulation has 15 agents and 0 obstacle vertices in it.
Running simulation
step= 0  t=0.000  (40.000, 0.000)  (36.542, 16.269)  (26.765, 29.726)  (12.361, 38.042)  (-4.181, 39.781)  (-20.000, 34.641)  (-32.361, 23.511)  (-39.126, 8.316)  (-39.126, -8.316)  (-32.361, -23.511)  (-20.000, -34.641)  (-4.181, -39.781)  (12.361, -38.042)  (26.765, -29.726)  (36.542, -16.269)
step= 1  t=1.000  (38.001, 0.000)  (34.715, 15.456)  (25.427, 28.240)  (11.743, 36.141)  (-3.972, 37.793)  (-19.000, 32.910)  (-30.743, 22.336)  (-37.170, 7.901)  (-37.170, -7.901)  (-30.743, -22.336)  (-19.000, -32.910)  (-3.972, -37.793)  (11.743, -36.141)  (25.427, -28.240)  (34.715, -15.456)
step= 2  t=2.000  (36.002, 0.000)  (32.889, 14.643)  (24.090, 26.754)  (11.125, 34.240)  (-3.763, 35.804)  (-18.001, 31.178)  (-29.126, 21.161)  (-35.215, 7.485)  (-35.215, -7.485)  (-29.126, -21.161)  (-18.001, -31.178)  (-3.763, -35.804)  (11.125, -34.240)  (24.090, -26.754)  (32.889, -14.643)
step= 3  t=3.000  (34.002, 0.000)  (31.063, 13.830)  (22.752, 25.269)  (10.507, 32.338)  (-3.554, 33.816)  (-17.001, 29.447)  (-27.508, 19.986)  (-33.259, 7.069)  (-33.259, -7.069)  (-27.508, -19.986)  (-17.001, -29.447)  (-3.554, -33.816)  (10.507, -32.338)  (22.752, -25.269)  (31.063, -13.830)
step= 4  t=4.000  (32.003, 0.000)  (29.236, 13.017)  (21.414, 23.783)  (9.890, 30.437)  (-3.345, 31.828)  (-16.002, 27.716)  (-25.891, 18.811)  (-31.304, 6.654)  (-31.304, -6.654)  (-25.891, -18.811)  (-16.002, -27.716)  (-3.345, -31.828)  (9.890, -30.437)  (21.414, -23.783)  (29.236, -13.017)
step= 5  t=5.000  (30.004, 0.000)  (27.410, 12.204)  (20.077, 22.297)  (9.272, 28.535)  (-3.136, 29.840)  (-15.002, 25.984)  (-24.274, 17.636)  (-29.348, 6.238)  (-29.348, -6.238)  (-24.274, -17.636)  (-15.002, -25.984)  (-3.136, -29.840)  (9.272, -28.535)  (20.077, -22.297)  (27.410, -12.204)
step= 6  t=6.000  (28.005, 0.000)  (25.584, 11.391)  (18.739, 20.812)  (8.654, 26.634)  (-2.927, 27.851)  (-14.002, 24.253)  (-22.656, 16.461)  (-27.393, 5.823)  (-27.393, -5.823)  (-22.656, -16.461)  (-14.002, -24.253)  (-2.927, -27.851)  (8.654, -26.634)  (18.739, -20.812)  (25.584, -11.391)
step= 7  t=7.000  (26.006, 0.000)  (23.757, 10.577)  (17.401, 19.326)  (8.036, 24.733)  (-2.718, 25.863)  (-13.003, 22.521)  (-21.039, 15.286)  (-25.437, 5.407)  (-25.437, -5.407)  (-21.039, -15.286)  (-13.003, -22.521)  (-2.718, -25.863)  (8.036, -24.733)  (17.401, -19.326)  (23.757, -10.577)
step= 8  t=8.000  (24.006, 0.000)  (21.931, 9.764)  (16.063, 17.840)  (7.418, 22.831)  (-2.509, 23.875)  (-12.003, 20.790)  (-19.422, 14.111)  (-23.482, 4.991)  (-23.482, -4.991)  (-19.422, -14.111)  (-12.003, -20.790)  (-2.509, -23.875)  (7.418, -22.831)  (16.063, -17.840)  (21.931, -9.764)
step= 9  t=9.000  (22.007, 0.000)  (20.104, 8.951)  (14.725, 16.354)  (6.800, 20.930)  (-2.300, 21.886)  (-11.003, 19.058)  (-17.804, 12.935)  (-21.526, 4.575)  (-21.526, -4.575)  (-17.804, -12.935)  (-11.003, -19.058)  (-2.300, -21.886)  (6.800, -20.930)  (14.725, -16.354)  (20.104, -8.951)
step= 10  t=10.000  (20.007, 0.000)  (18.277, 8.138)  (13.387, 14.868)  (6.182, 19.028)  (-2.091, 19.897)  (-10.003, 17.327)  (-16.186, 11.760)  (-19.570, 4.160)  (-19.570, -4.160)  (-16.186, -11.760)  (-10.003, -17.326)  (-2.091, -19.897)  (6.182, -19.028)  (13.387, -14.868)  (18.277, -8.138)
step= 11  t=11.000  (18.007, 0.000)  (16.450, 7.324)  (12.049, 13.382)  (5.564, 17.126)  (-1.882, 17.908)  (-9.004, 15.595)  (-14.568, 10.584)  (-17.614, 3.744)  (-17.614, -3.744)  (-14.568, -10.584)  (-9.003, -15.594)  (-1.882, -17.908)  (5.564, -17.126)  (12.049, -13.382)  (16.450, -7.324)
step= 12  t=12.000  (16.007, 0.000)  (14.620, 6.525)  (10.696, 11.918)  (4.995, 15.374)  (-1.673, 15.920)  (-8.004, 13.863)  (-12.952, 9.408)  (-15.657, 3.328)  (-15.688, -3.314)  (-12.950, -9.409)  (-8.029, -13.891)  (-1.690, -15.922)  (4.947, -15.224)  (10.711, -11.896)  (14.628, -6.506)
step= 13  t=13.000  (14.831, -0.071)  (13.124, 5.864)  (9.294, 10.492)  (4.446, 13.672)  (-1.483, 14.012)  (-7.108, 12.358)  (-11.509, 8.354)  (-13.719, 2.934)  (-13.821, -2.879)  (-11.325, -8.243)  (-7.054, -12.177)  (-1.493, -14.197)  (4.384, -13.479)  (9.441, -10.483)  (12.873, -5.717)
step= 14  t=14.000  (13.413, -0.162)  (11.560, 5.074)  (7.936, 9.023)  (3.934, 12.067)  (-1.316, 12.019)  (-6.203, 10.908)  (-10.116, 7.293)  (-11.751, 2.575)  (-13.087, -2.700)  (-9.702, -7.075)  (-5.949, -10.510)  (-1.344, -12.526)  (3.913, -11.832)  (8.180, -9.102)  (11.150, -4.814)
step= 15  t=15.000  (11.908, -0.291)  (10.074, 4.525)  (6.644, 7.530)  (3.397, 10.495)  (-1.215, 10.044)  (-5.227, 9.497)  (-8.791, 6.231)  (-9.803, 2.250)  (-11.824, -2.434)  (-8.087, -5.923)  (-4.788, -8.881)  (-1.242, -10.910)  (3.583, -10.250)  (6.798, -7.733)  (9.381, -3.881)
step= 16  t=16.000  (10.275, -0.492)  (8.763, 4.083)  (5.561, 5.970)  (2.938, 8.944)  (-1.189, 8.080)  (-4.377, 8.067)  (-7.527, 5.221)  (-7.874, 1.989)  (-10.438, -2.253)  (-6.458, -4.809)  (-3.569, -7.296)  (-1.127, -9.352)  (3.276, -8.733)  (5.324, -6.382)  (7.630, -2.914)
step= 17  t=17.000  (8.650, -0.604)  (7.531, 3.677)  (4.570, 4.475)  (2.633, 7.410)  (-1.100, 6.184)  (-3.557, 6.621)  (-6.313, 4.229)  (-6.005, 1.678)  (-9.083, -2.074)  (-4.821, -3.716)  (-2.501, -5.728)  (-1.062, -7.821)  (3.018, -7.258)  (4.051, -5.011)  (5.935, -2.174)
step= 18  t=18.000  (7.189, -0.527)  (6.415, 3.323)  (3.673, 2.996)  (2.426, 5.896)  (-1.074, 4.379)  (-2.751, 5.170)  (-5.197, 3.212)  (-4.556, 0.989)  (-7.798, -1.867)  (-3.174, -2.582)  (-1.515, -4.171)  (-0.997, -6.260)  (2.633, -5.944)  (2.839, -3.613)  (4.217, -1.455)
step= 19  t=19.000  (5.732, -0.441)  (5.439, 3.026)  (2.777, 1.539)  (2.207, 4.396)  (-1.044, 2.561)  (-1.930, 3.778)  (-3.983, 2.997)  (-3.094, 0.236)  (-6.579, -1.629)  (-1.811, -1.492)  (-0.713, -2.850)  (-1.103, -4.667)  (2.275, -4.606)  (1.723, -2.193)  (2.611, -0.721)
step= 20  t=20.000  (4.277, -0.360)  (4.645, 2.837)  (2.068, 0.356)  (2.025, 2.939)  (-1.022, 0.909)  (-1.108, 2.497)  (-2.927, 3.112)  (-1.780, -0.547)  (-5.367, -1.488)  (-0.543, -0.422)  (-0.031, -1.711)  (-1.435, -3.043)  (1.914, -3.384)  (0.911, -0.976)  (0.885, -0.009)
step= 21  t=21.000  (2.861, -0.289)  (4.234, 2.894)  (1.403, -0.705)  (2.226, 1.601)  (-1.367, -0.175)  (-0.644, 1.711)  (-2.031, 3.428)  (-0.410, -1.284)  (-4.342, -1.518)  (0.732, 0.796)  (0.539, -0.971)  (-1.805, -1.725)  (1.669, -2.427)  (0.024, 0.110)  (-0.599, 0.695)
step= 22  t=22.000  (1.658, -0.148)  (4.329, 3.186)  (0.379, -1.526)  (2.755, 0.372)  (-1.839, -1.629)  (-0.008, 0.861)  (-0.927, 3.842)  (0.722, -2.933)  (-3.829, -1.595)  (1.649, 2.367)  (0.678, -0.497)  (-2.372, -0.286)  (1.772, -1.734)  (-0.841, 1.822)  (-2.457, 1.436)
step= 23  t=23.000  (-0.341, -0.085)  (4.483, 3.323)  (-0.373, -2.624)  (3.588, -0.547)  (-2.195, -3.597)  (0.652, 0.250)  (0.052, 4.838)  (2.272, -4.198)  (-3.645, -1.627)  (2.452, 4.000)  (1.340, 0.247)  (-2.207, 1.222)  (2.027, -1.650)  (-2.260, 3.204)  (-4.084, 2.599)
step= 24  t=24.000  (-2.310, 0.135)  (4.741, 3.157)  (-1.343, -3.665)  (4.428, -1.846)  (-2.422, -5.584)  (0.890, -0.549)  (1.130, 5.516)  (4.119, -4.965)  (-3.149, -1.828)  (3.490, 5.615)  (2.042, 1.008)  (-1.850, 3.159)  (2.347, -2.339)  (-3.617, 4.673)  (-5.926, 3.376)
step= 25  t=25.000  (-4.304, 0.252)  (4.983, 2.480)  (-2.736, -5.055)  (4.961, -3.647)  (-2.042, -7.548)  (1.006, -1.573)  (2.670, 5.923)  (6.046, -5.497)  (-2.486, -1.903)  (5.189, 6.669)  (2.652, 1.921)  (-1.525, 5.132)  (2.981, -2.696)  (-4.974, 6.142)  (-7.769, 4.152)
step= 26  t=26.000  (-6.303, 0.238)  (5.148, 1.749)  (-4.132, -6.488)  (4.833, -5.381)  (-1.663, -9.511)  (1.337, -3.260)  (4.516, 5.340)  (8.016, -5.846)  (-1.701, -1.670)  (6.889, 7.722)  (3.159, 3.443)  (-1.200, 7.105)  (3.405, -3.007)  (-6.331, 7.610)  (-9.612, 4.928)
step= 27  t=27.000  (-8.303, 0.224)  (5.184, 1.049)  (-5.527, -7.920)  (4.281, -7.235)  (-1.284, -11.475)  (1.948, -4.882)  (6.317, 4.469)  (10.009, -6.005)  (-0.380, -0.798)  (8.589, 8.776)  (3.771, 5.057)  (-0.876, 9.078)  (3.539, -3.310)  (-7.688, 9.079)  (-11.455, 5.704)
step= 28  t=28.000  (-10.303, 0.210)  (5.104, 0.482)  (-6.922, -9.353)  (3.331, -8.994)  (-0.905, -13.438)  (2.985, -6.592)  (7.679, 3.005)  (12.003, -6.163)  (1.214, 0.100)  (10.288, 9.829)  (4.733, 6.810)  (-0.551, 11.051)  (2.182, -2.906)  (-9.045, 10.548)  (-13.298, 6.480)
step= 29  t=29.000  (-12.302, 0.196)  (4.191, -0.612)  (-8.317, -10.785)  (2.380, -10.754)  (-0.526, -15.402)  (4.022, -8.302)  (9.042, 1.541)  (13.996, -6.321)  (2.843, 0.967)  (11.988, 10.883)  (5.695, 8.563)  (-0.226, 13.024)  (1.165, -1.559)  (-10.402, 12.017)  (-15.141, 7.256)
step= 30  t=30.000  (-14.302, 0.181)  (2.503, -1.685)  (-9.712, -12.217)  (1.430, -12.513)  (-0.147, -17.365)  (5.059, -10.012)  (10.404, 0.078)  (15.989, -6.479)  (4.686, 1.615)  (13.687, 11.936)  (6.657, 10.316)  (0.099, 14.997)  (0.519, 0.333)  (-11.759, 13.485)  (-16.984, 8.033)
step= 31  t=31.000  (-16.301, 0.167)  (0.630, -2.385)  (-11.107, -13.650)  (0.480, -14.272)  (0.232, -19.329)  (6.096, -11.721)  (11.766, -1.386)  (17.983, -6.638)  (6.649, 1.997)  (15.387, 12.990)  (7.618, 12.070)  (0.424, 16.970)  (-0.128, 2.225)  (-13.116, 14.954)  (-18.827, 8.809)
step= 32  t=32.000  (-18.301, 0.153)  (-1.243, -3.084)  (-12.502, -15.082)  (-0.471, -16.031)  (0.611, -21.292)  (7.133, -13.431)  (13.129, -2.850)  (19.976, -6.796)  (8.612, 2.379)  (17.087, 14.044)  (8.580, 13.823)  (0.749, 18.943)  (-0.774, 4.117)  (-14.473, 16.422)  (-20.670, 9.585)
step= 33  t=33.000  (-20.300, 0.139)  (-3.116, -3.784)  (-13.897, -16.514)  (-1.421, -17.791)  (0.990, -23.255)  (8.171, -15.141)  (14.491, -4.314)  (21.969, -6.954)  (10.575, 2.761)  (18.786, 15.097)  (9.542, 15.576)  (1.074, 20.916)  (-1.420, 6.010)  (-15.830, 17.891)  (-22.513, 10.361)
step= 34  t=34.000  (-22.299, 0.125)  (-4.989, -4.484)  (-15.292, -17.946)  (-2.371, -19.550)  (1.369, -25.219)  (9.208, -16.850)  (15.854, -5.777)  (23.962, -7.113)  (12.537, 3.143)  (20.486, 16.150)  (10.504, 17.329)  (1.399, 22.889)  (-2.066, 7.902)  (-17.187, 19.359)  (-24.355, 11.137)
step= 35  t=35.000  (-24.298, 0.111)  (-6.862, -5.183)  (-16.687, -19.378)  (-3.322, -21.309)  (1.749, -27.182)  (10.244, -18.560)  (17.216, -7.241)  (25.956, -7.271)  (14.500, 3.525)  (22.185, 17.204)  (11.465, 19.082)  (1.724, 24.861)  (-2.713, 9.794)  (-18.544, 20.828)  (-26.198, 11.913)
step= 36  t=36.000  (-26.298, 0.097)  (-8.734, -5.883)  (-18.082, -20.810)  (-4.272, -23.069)  (2.128, -29.146)  (11.281, -20.269)  (18.579, -8.705)  (27.949, -7.429)  (16.462, 3.906)  (23.884, 18.257)  (12.427, 20.835)  (2.049, 26.834)  (-3.359, 11.686)  (-19.900, 22.296)  (-28.040, 12.689)
step= 37  t=37.000  (-28.297, 0.083)  (-10.607, -6.582)  (-19.477, -22.243)  (-5.222, -24.828)  (2.507, -31.109)  (12.318, -21.978)  (19.941, -10.168)  (29.942, -7.587)  (18.425, 4.288)  (25.583, 19.310)  (13.388, 22.588)  (2.374, 28.807)  (-4.005, 13.578)  (-21.257, 23.765)  (-29.883, 13.465)
step= 38  t=38.000  (-30.296, 0.069)  (-12.480, -7.282)  (-20.872, -23.675)  (-6.173, -26.587)  (2.886, -33.072)  (13.355, -23.687)  (21.303, -11.632)  (31.935, -7.746)  (20.387, 4.670)  (27.283, 20.364)  (14.350, 24.340)  (2.699, 30.779)  (-4.651, 15.469)  (-22.614, 25.233)  (-31.725, 14.241)
step= 39  t=39.000  (-32.295, 0.054)  (-14.353, -7.981)  (-22.267, -25.107)  (-7.123, -28.346)  (3.265, -35.035)  (14.392, -25.397)  (22.665, -13.095)  (33.928, -7.904)  (22.350, 5.052)  (28.982, 21.417)  (15.311, 26.093)  (3.024, 32.752)  (-5.297, 17.361)  (-23.971, 26.701)  (-33.568, 15.017)
step= 40  t=40.000  (-34.294, 0.040)  (-16.226, -8.681)  (-23.661, -26.539)  (-8.073, -30.105)  (3.644, -36.998)  (15.429, -27.106)  (24.027, -14.558)  (35.921, -8.062)  (24.312, 5.434)  (30.681, 22.470)  (16.273, 27.846)  (3.348, 34.725)  (-5.943, 19.253)  (-25.327, 28.170)  (-35.410, 15.793)
step= 41  t=41.000  (-36.293, 0.026)  (-18.099, -9.380)  (-25.056, -27.971)  (-9.023, -31.864)  (4.023, -38.961)  (16.466, -28.815)  (25.389, -16.022)  (37.914, -8.220)  (26.274, 5.816)  (32.361, 23.511)  (17.234, 29.599)  (3.673, 36.697)  (-6.590, 21.145)  (-26.684, 29.638)  (-36.542, 16.269)
step= 42  t=42.000  (-38.292, 0.012)  (-19.971, -10.080)  (-26.451, -29.403)  (-9.974, -33.623)  (4.181, -39.781)  (17.503, -30.525)  (26.751, -17.485)  (39.126, -8.316)  (28.237, 6.198)  (32.361, 23.511)  (18.196, 31.352)  (3.998, 38.670)  (-7.236, 23.037)  (-26.765, 29.726)  (-36.542, 16.269)
step= 43  t=43.000  (-40.000, -0.000)  (-21.844, -10.780)  (-26.765, -29.726)  (-10.924, -35.382)  (4.181, -39.781)  (18.540, -32.234)  (28.114, -18.949)  (39.126, -8.316)  (30.199, 6.579)  (32.361, 23.511)  (19.157, 33.105)  (4.181, 39.781)  (-7.882, 24.929)  (-26.765, 29.726)  (-36.542, 16.269)
step= 44  t=44.000  (-40.000, -0.000)  (-23.717, -11.479)  (-26.765, -29.726)  (-11.874, -37.141)  (4.181, -39.781)  (19.577, -33.943)  (29.476, -20.412)  (39.126, -8.316)  (32.162, 6.961)  (32.361, 23.511)  (20.000, 34.642)  (4.181, 39.781)  (-8.528, 26.821)  (-26.765, 29.726)  (-36.542, 16.269)
step= 45  t=45.000  (-40.000, -0.000)  (-25.590, -12.179)  (-26.765, -29.726)  (-12.361, -38.042)  (4.181, -39.781)  (20.000, -34.641)  (30.838, -21.875)  (39.126, -8.316)  (34.124, 7.343)  (32.361, 23.511)  (20.000, 34.642)  (4.181, 39.781)  (-9.174, 28.713)  (-26.765, 29.726)  (-36.542, 16.269)
step= 46  t=46.000  (-40.000, -0.000)  (-27.463, -12.878)  (-26.765, -29.726)  (-12.361, -38.042)  (4.181, -39.781)  (20.000, -34.641)  (32.200, -23.339)  (39.126, -8.316)  (36.086, 7.725)  (32.361, 23.511)  (20.000, 34.642)  (4.181, 39.781)  (-9.820, 30.605)  (-26.765, 29.726)  (-36.542, 16.269)
step= 47  t=47.000  (-40.000, -0.000)  (-29.336, -13.578)  (-26.765, -29.726)  (-12.361, -38.042)  (4.181, -39.781)  (20.000, -34.641)  (32.361, -23.511)  (39.126, -8.316)  (38.049, 8.107)  (32.361, 23.511)  (20.000, 34.642)  (4.181, 39.781)  (-10.467, 32.497)  (-26.765, 29.726)  (-36.542, 16.269)
step= 48  t=48.000  (-40.000, -0.000)  (-31.208, -14.277)  (-26.765, -29.726)  (-12.361, -38.042)  (4.181, -39.781)  (20.000, -34.641)  (32.361, -23.511)  (39.126, -8.316)  (39.126, 8.316)  (32.361, 23.511)  (20.000, 34.642)  (4.181, 39.781)  (-11.113, 34.388)  (-26.765, 29.726)  (-36.542, 16.269)
step= 49  t=49.000  (-40.000, -0.000)  (-33.081, -14.977)  (-26.765, -29.726)  (-12.361, -38.042)  (4.181, -39.781)  (20.000, -34.641)  (32.361, -23.511)  (39.126, -8.316)  (39.126, 8.316)  (32.361, 23.511)  (20.000, 34.642)  (4.181, 39.781)  (-11.759, 36.280)  (-26.765, 29.726)  (-36.542, 16.269)
step= 50  t=50.000  (-40.000, -0.000)  (-34.954, -15.676)  (-26.765, -29.726)  (-12.361, -38.042)  (4.181, -39.781)  (20.000, -34.641)  (32.361, -23.511)  (39.126, -8.316)  (39.126, 8.316)  (32.361, 23.511)  (20.000, 34.642)  (4.181, 39.781)  (-12.361, 38.042)  (-26.765, 29.726)  (-36.542, 16.269)
step= 51  t=51.000  (-40.000, -0.000)  (-36.542, -16.270)  (-26.765, -29.726)  (-12.361, -38.042)  (4.181, -39.781)  (20.000, -34.641)  (32.361, -23.511)  (39.126, -8.316)  (39.126, 8.316)  (32.361, 23.511)  (20.000, 34.642)  (4.181, 39.781)  (-12.361, 38.042)  (-26.765, 29.726)  (-36.542, 16.269)
