Simulation has 15 agents and 0 obstacle vertices in it.
Running simulation
step= 0  t=0.000  (40.000, 0.000)  (36.542, 16.269)  (26.765, 29.726)  (12.361, 38.042)  (-4.181, 39.781)  (-20.000, 34.641)  (-32.361, 23.511)  (-39.126, 8.316)  (-39.126, -8.316)  (-32.361, -23.511)  (-20.000, -34.641)  (-4.181, -39.781)  (12.361, -38.042)  (26.765, -29.726)  (36.542, -16.269)
step= 1  t=1.000  (38.001, 0.000)  (34.715, 15.456)  (25.427, 28.240)  (11.743, 36.141)  (-3.972, 37.793)  (-19.000, 32.910)  (-30.743, 22.336)  (-37.170, 7.901)  (-37.170, -7.901)  (-30.743, -22.336)  (-19.000, -32.910)  (-3.972, -37.793)  (11.743, -36.141)  (25.427, -28.240)  (34.715, -15.456)
step= 2  t=2.000  (36.002, 0.000)  (32.889, 14.643)  (24.090, 26.754)  (11.125, 34.240)  (-3.763, 35.804)  (-18.001, 31.178)  (-29.126, 21.161)  (-35.215, 7.485)  (-35.215, -7.485)  (-29.126, -21.161)  (-18.001, -31.178)  (-3.763, -35.804)  (11.125, -34.240)  (24.090, -26.754)  (32.889, -14.643)
step= 3  t=3.000  (34.002, 0.000)  (31.063, 13.830)  (22.752, 25.269)  (10.507, 32.338)  (-3.554, 33.816)  (-17.001, 29.447)  (-27.508, 19.986)  (-33.259, 7.069)  (-33.259, -7.069)  (-27.508, -19.986)  (-17.001, -29.447)  (-3.554, -33.816)  (10.507, -32.338)  (22.752, -25.269)  (31.063, -13.830)
step= 4  t=4.000  (32.003, 0.000)  (29.236, 13.017)  (21.414, 23.783)  (9.890, 30.437)  (-3.345, 31.828)  (-16.002, 27.716)  (-25.891, 18.811)  (-31.304, 6.654)  (-31.304, -6.654)  (-25.891, -18.811)  (-16.002, -27.716)  (-3.345, -31.828)  (9.890, -30.437)  (21.414, -23.783)  (29.236, -13.017)
step= 5  t=5.000  (30.004, 0.000)  (27.410, 12.204)  (20.077, 22.297)  (9.272, 28.535)  (-3.136, 29.840)  (-15.002, 25.984)  (-24.274, 17.636)  (-29.348, 6.238)  (-29.348, -6.238)  (-24.274, -17.636)  (-15.002, -25.984)  (-3.136, -29.840)  (9.272, -28.535)  (20.077, -22.297)  (27.410, -12.204)
step= 6  t=6.000  (28.005, 0.000)  (25.584, 11.391)  (18.739, 20.812)  (8.654, 26.634)  (-2.927, 27.851)  (-14.002, 24.253)  (-22.656, 16.461)  (-27.393, 5.823)  (-27.393, -5.823)  (-22.656, -16.461)  (-14.002, -24.253)  (-2.927, -27.851)  (8.654, -26.634)  (18.739, -20.812)  (25.584, -11.391)
step= 7  t=7.000  (26.006, 0.000)  (23.757, 10.577)  (17.401, 19.326)  (8.036, 24.733)  (-2.718, 25.863)  (-13.003, 22.521)  (-21.039, 15.286)  (-25.437, 5.407)  (-25.437, -5.407)  (-21.039, -15.286)  (-13.003, -22.521)  (-2.718, -25.863)  (8.036, -24.733)  (17.401, -19.326)  (23.757, -10.577)
step= 8  t=8.000  (24.006, 0.000)  (21.931, 9.764)  (16.063, 17.840)  (7.418, 22.831)  (-2.509, 23.875)  (-12.003, 20.790)  (-19.422, 14.111)  (-23.482, 4.991)  (-23.482, -4.991)  (-19.422, -14.111)  (-12.003, -20.790)  (-2.509, -23.875)  (7.418, -22.831)  (16.063, -17.840)  (21.931, -9.764)
step= 9  t=9.000  (22.007, 0.000)  (20.104, 8.951)  (14.726, 16.355)  (6.801, 20.930)  (-2.300, 21.887)  (-11.004, 19.059)  (-17.804, 12.936)  (-21.526, 4.576)  (-21.526, -4.576)  (-17.804, -12.936)  (-11.004, -19.059)  (-2.300, -21.886)  (6.801, -20.930)  (14.726, -16.354)  (20.104, -8.951)
step= 10  t=10.000  (20.008, 0.000)  (18.278, 8.138)  (13.388, 14.869)  (6.183, 19.029)  (-2.091, 19.898)  (-10.004, 17.327)  (-16.187, 11.761)  (-19.571, 4.160)  (-19.570, -4.160)  (-16.187, -11.760)  (-10.004, -17.327)  (-2.091, -19.898)  (6.183, -19.029)  (13.388, -14.869)  (18.278, -8.138)
step= 11  t=11.000  (18.008, 0.000)  (16.452, 7.325)  (12.050, 13.383)  (5.565, 17.128)  (-1.882, 17.910)  (-9.004, 15.596)  (-14.570, 10.585)  (-17.615, 3.744)  (-17.615, -3.744)  (-14.569, -10.585)  (-9.004, -15.596)  (-1.882, -17.910)  (5.565, -17.128)  (12.050, -13.383)  (16.452, -7.325)
step= 12  t=12.000  (16.009, 0.000)  (14.625, 6.512)  (10.712, 11.897)  (4.947, 15.226)  (-1.673, 15.922)  (-8.005, 13.865)  (-12.952, 9.410)  (-15.659, 3.329)  (-15.659, -3.328)  (-12.952, -9.410)  (-8.005, -13.865)  (-1.673, -15.921)  (4.947, -15.226)  (10.712, -11.897)  (14.625, -6.512)
step= 13  t=13.000  (14.119, 0.021)  (12.840, 5.724)  (9.438, 10.517)  (5.495, 17.150)  (-1.504, 14.239)  (-7.138, 12.305)  (-14.525, 10.645)  (-13.731, 2.933)  (-13.785, -2.950)  (-11.455, -8.328)  (-7.071, -12.227)  (-1.479, -13.982)  (5.698, -17.080)  (9.391, -10.427)  (12.867, -5.724)
step= 14  t=14.000  (12.345, 0.055)  (11.680, 5.190)  (8.100, 9.216)  (5.610, 17.089)  (-1.161, 12.346)  (-6.158, 10.562)  (-14.521, 10.595)  (-11.785, 2.605)  (-12.105, -2.559)  (-10.089, -7.316)  (-6.175, -10.744)  (-1.224, -12.002)  (5.743, -16.923)  (8.015, -9.012)  (11.193, -4.995)
step= 15  t=15.000  (10.533, 0.231)  (10.345, 4.662)  (6.935, 8.013)  (5.259, 15.933)  (-0.832, 10.373)  (-5.141, 8.840)  (-13.475, 9.839)  (-9.919, 2.409)  (-10.442, -2.108)  (-8.834, -6.392)  (-5.241, -9.292)  (-1.106, -10.005)  (5.371, -15.628)  (6.607, -7.745)  (9.536, -4.337)
step= 16  t=16.000  (8.839, 0.383)  (8.968, 4.098)  (5.646, 7.228)  (4.735, 14.254)  (-0.458, 8.409)  (-4.191, 7.079)  (-11.963, 8.716)  (-8.085, 2.361)  (-8.815, -1.625)  (-7.598, -5.490)  (-4.276, -7.921)  (-1.037, -8.006)  (4.780, -13.783)  (5.130, -6.553)  (7.896, -3.676)
step= 17  t=17.000  (7.140, 0.548)  (7.600, 3.551)  (4.166, 6.429)  (4.119, 12.355)  (0.038, 6.471)  (-3.300, 5.289)  (-10.346, 7.540)  (-6.300, 2.414)  (-7.206, -1.103)  (-6.379, -4.626)  (-3.285, -6.723)  (-0.984, -6.007)  (4.152, -11.885)  (3.695, -5.251)  (6.230, -3.068)
step= 18  t=18.000  (5.372, 0.952)  (6.318, 2.804)  (2.609, 5.677)  (3.561, 10.497)  (0.462, 4.516)  (-2.404, 3.501)  (-8.729, 6.365)  (-4.591, 2.637)  (-5.761, -0.558)  (-5.176, -3.738)  (-2.216, -5.549)  (-0.906, -4.009)  (3.502, -10.039)  (2.254, -3.960)  (4.561, -2.515)
step= 19  t=19.000  (3.829, 1.051)  (4.833, 2.409)  (0.856, 6.641)  (3.002, 8.639)  (0.835, 2.552)  (-1.467, 1.734)  (-7.118, 5.188)  (-2.926, 2.752)  (-4.427, 0.017)  (-4.785, -2.817)  (-0.955, -4.449)  (-1.006, -2.011)  (2.846, -8.211)  (0.748, -2.660)  (3.067, -2.014)
step= 20  t=20.000  (2.394, 1.043)  (3.461, 2.053)  (-0.677, 7.212)  (2.293, 7.057)  (1.109, 0.660)  (-0.999, 0.869)  (-5.772, 4.421)  (-0.930, 2.878)  (-3.234, 0.632)  (-6.560, -2.572)  (0.667, -3.500)  (-1.237, -0.251)  (2.245, -6.396)  (-0.854, -1.463)  (1.793, -1.664)
step= 21  t=21.000  (0.862, 0.988)  (2.233, 1.647)  (-1.891, 7.494)  (2.383, 5.925)  (1.717, -0.727)  (-0.617, 0.181)  (-4.708, 3.841)  (1.060, 3.079)  (-2.482, 2.485)  (-7.595, -2.162)  (2.592, -2.956)  (-1.041, 1.739)  (2.378, -7.100)  (-2.536, -0.697)  (-0.168, -1.270)
step= 22  t=22.000  (-0.662, 1.012)  (1.382, 1.163)  (-3.012, 7.264)  (3.064, 5.334)  (2.254, -2.169)  (-0.062, -0.791)  (-3.664, 3.335)  (3.060, 3.068)  (-1.968, 4.418)  (-8.597, -1.849)  (4.519, -2.422)  (-1.134, 3.093)  (2.251, -7.417)  (-4.033, 0.387)  (-1.882, -2.061)
step= 23  t=23.000  (-2.424, 0.925)  (0.088, 0.471)  (-3.995, 6.806)  (3.528, 4.609)  (2.836, -3.970)  (0.718, -1.908)  (-2.707, 2.978)  (4.748, 2.783)  (-1.478, 6.356)  (-9.379, -1.342)  (6.036, -2.050)  (-0.778, 4.494)  (1.681, -7.340)  (-5.503, 1.743)  (-3.504, -2.323)
step= 24  t=24.000  (-4.282, 0.723)  (-1.542, -0.347)  (-4.839, 5.891)  (3.716, 3.378)  (3.122, -5.911)  (1.710, -3.376)  (-1.676, 2.574)  (6.374, 2.547)  (-0.570, 8.139)  (-9.982, -0.691)  (7.490, -1.791)  (-0.427, 6.162)  (1.009, -6.621)  (-6.853, 3.218)  (-5.232, -2.368)
step= 25  t=25.000  (-6.175, 0.523)  (-3.363, -1.175)  (-5.743, 4.676)  (2.992, 1.514)  (3.185, -7.910)  (2.720, -5.101)  (-0.511, 2.088)  (8.142, 2.389)  (0.549, 9.796)  (-10.062, 0.625)  (8.604, -1.675)  (-0.193, 7.944)  (0.151, -4.836)  (-8.054, 4.817)  (-6.890, -2.378)
step= 26  t=26.000  (-8.174, 0.492)  (-5.183, -2.003)  (-6.630, 3.116)  (2.269, -0.350)  (3.247, -9.908)  (3.730, -6.827)  (0.793, 1.449)  (10.055, 1.804)  (2.418, 10.507)  (-9.706, 2.293)  (9.165, -0.511)  (0.079, 9.925)  (-0.409, -2.917)  (-9.255, 6.416)  (-8.286, -2.253)
step= 27  t=27.000  (-10.174, 0.461)  (-7.003, -2.831)  (-7.622, 1.453)  (1.545, -2.214)  (3.310, -11.906)  (4.739, -8.553)  (2.335, 0.385)  (11.943, 1.146)  (4.414, 10.388)  (-8.853, 3.874)  (9.467, 1.216)  (0.351, 11.905)  (-0.969, -0.997)  (-10.456, 8.015)  (-9.525, -1.783)
step= 28  t=28.000  (-12.173, 0.430)  (-8.823, -3.659)  (-8.668, -0.251)  (0.822, -4.078)  (3.372, -13.903)  (5.749, -10.279)  (3.899, -0.860)  (13.831, 0.489)  (6.409, 10.269)  (-7.434, 5.284)  (10.068, 3.122)  (0.623, 13.886)  (-1.529, 0.922)  (-11.657, 9.613)  (-10.742, -1.084)
step= 29  t=29.000  (-14.172, 0.399)  (-10.643, -4.487)  (-9.714, -1.955)  (0.099, -5.942)  (3.434, -15.901)  (6.758, -12.004)  (5.463, -2.105)  (15.719, -0.168)  (8.407, 10.355)  (-5.864, 6.522)  (10.551, 4.926)  (0.895, 15.866)  (-2.089, 2.841)  (-12.857, 11.211)  (-12.057, -0.170)
step= 30  t=30.000  (-16.171, 0.368)  (-12.463, -5.315)  (-10.760, -3.659)  (-0.625, -7.805)  (3.497, -17.899)  (7.767, -13.729)  (7.027, -3.350)  (17.606, -0.825)  (10.405, 10.455)  (-4.198, 7.630)  (11.034, 6.722)  (1.167, 17.846)  (-2.649, 4.760)  (-14.058, 12.810)  (-13.717, 0.945)
step= 31  t=31.000  (-18.170, 0.337)  (-14.283, -6.143)  (-11.806, -5.363)  (-1.348, -9.669)  (3.559, -19.897)  (8.776, -15.455)  (8.591, -4.594)  (19.494, -1.482)  (12.404, 10.525)  (-2.461, 8.620)  (11.507, 8.504)  (1.440, 19.827)  (-3.209, 6.678)  (-15.259, 14.408)  (-15.377, 2.059)
step= 32  t=32.000  (-20.169, 0.307)  (-16.102, -6.971)  (-12.852, -7.066)  (-2.071, -11.533)  (3.622, -21.895)  (9.786, -17.180)  (10.156, -5.839)  (21.383, -2.140)  (14.403, 10.559)  (-0.623, 9.405)  (11.995, 10.294)  (1.712, 21.807)  (-3.769, 8.597)  (-16.459, 16.007)  (-17.036, 3.173)
step= 33  t=33.000  (-22.168, 0.276)  (-17.922, -7.799)  (-13.898, -8.769)  (-2.795, -13.396)  (3.684, -23.893)  (10.795, -18.905)  (11.720, -7.084)  (23.271, -2.797)  (16.394, 10.379)  (1.215, 10.191)  (12.619, 12.192)  (1.984, 23.788)  (-4.328, 10.516)  (-17.660, 17.605)  (-18.696, 4.288)
step= 34  t=34.000  (-24.167, 0.245)  (-19.741, -8.626)  (-14.944, -10.473)  (-3.518, -15.260)  (3.747, -25.891)  (11.804, -20.631)  (13.284, -8.329)  (25.159, -3.454)  (18.385, 10.198)  (3.053, 10.977)  (13.243, 14.091)  (2.256, 25.768)  (-4.888, 12.435)  (-18.861, 19.203)  (-20.355, 5.402)
step= 35  t=35.000  (-26.165, 0.214)  (-21.561, -9.454)  (-15.990, -12.176)  (-4.242, -17.124)  (3.809, -27.889)  (12.814, -22.356)  (14.849, -9.574)  (27.047, -4.111)  (20.375, 10.018)  (4.891, 11.763)  (13.868, 15.990)  (2.528, 27.749)  (-5.448, 14.354)  (-20.062, 20.802)  (-22.015, 6.516)
step= 36  t=36.000  (-28.164, 0.183)  (-23.380, -10.282)  (-17.036, -13.880)  (-4.965, -18.988)  (3.872, -29.887)  (13.823, -24.082)  (16.413, -10.819)  (28.935, -4.769)  (22.366, 9.837)  (6.728, 12.549)  (14.492, 17.889)  (2.800, 29.730)  (-6.008, 16.273)  (-21.262, 22.400)  (-23.674, 7.630)
step= 37  t=37.000  (-30.163, 0.152)  (-25.200, -11.110)  (-18.082, -15.583)  (-5.688, -20.851)  (3.934, -31.885)  (14.832, -25.807)  (17.977, -12.064)  (30.823, -5.426)  (24.357, 9.656)  (8.566, 13.335)  (15.116, 19.788)  (3.072, 31.710)  (-6.568, 18.192)  (-22.463, 23.999)  (-25.334, 8.744)
step= 38  t=38.000  (-32.161, 0.121)  (-27.019, -11.937)  (-19.127, -17.286)  (-6.412, -22.715)  (3.997, -33.883)  (15.842, -27.533)  (19.541, -13.309)  (32.711, -6.083)  (26.348, 9.476)  (10.404, 14.121)  (15.741, 21.687)  (3.344, 33.691)  (-7.128, 20.111)  (-23.664, 25.597)  (-26.993, 9.859)
step= 39  t=39.000  (-34.160, 0.090)  (-28.838, -12.765)  (-20.173, -18.990)  (-7.135, -24.579)  (4.059, -35.881)  (16.851, -29.259)  (21.106, -14.554)  (34.599, -6.741)  (28.339, 9.295)  (12.242, 14.907)  (16.365, 23.585)  (3.617, 35.672)  (-7.688, 22.030)  (-24.865, 27.196)  (-28.653, 10.973)
step= 40  t=40.000  (-36.159, 0.059)  (-30.658, -13.593)  (-21.219, -20.693)  (-7.858, -26.443)  (4.122, -37.880)  (17.861, -30.984)  (22.670, -15.799)  (36.487, -7.398)  (30.330, 9.114)  (14.080, 15.693)  (16.989, 25.484)  (3.889, 37.652)  (-8.248, 23.950)  (-26.065, 28.794)  (-30.313, 12.087)
step= 41  t=41.000  (-38.158, 0.028)  (-32.478, -14.421)  (-22.265, -22.397)  (-8.582, -28.306)  (4.181, -39.781)  (18.870, -32.710)  (24.234, -17.044)  (38.375, -8.055)  (32.321, 8.934)  (15.918, 16.479)  (17.614, 27.384)  (4.161, 39.633)  (-8.808, 25.869)  (-26.765, 29.726)  (-31.973, 13.202)
step= 42  t=42.000  (-40.000, 0.000)  (-34.298, -15.249)  (-23.312, -24.101)  (-9.305, -30.170)  (4.181, -39.781)  (19.880, -34.436)  (25.798, -18.289)  (39.126, -8.316)  (34.312, 8.753)  (17.756, 17.265)  (18.238, 29.283)  (4.181, 39.781)  (-9.368, 27.788)  (-26.765, 29.726)  (-33.633, 14.316)
step= 43  t=43.000  (-40.000, 0.000)  (-36.117, -16.076)  (-24.358, -25.805)  (-10.029, -32.034)  (4.181, -39.781)  (20.000, -34.641)  (27.363, -19.534)  (39.126, -8.316)  (36.303, 8.573)  (19.594, 18.052)  (18.863, 31.182)  (4.181, 39.781)  (-9.928, 29.707)  (-26.765, 29.726)  (-35.292, 15.431)
step= 44  t=44.000  (-40.000, 0.000)  (-36.542, -16.269)  (-25.404, -27.508)  (-10.752, -33.898)  (4.181, -39.781)  (20.000, -34.641)  (28.927, -20.779)  (39.126, -8.316)  (38.294, 8.392)  (21.432, 18.838)  (19.487, 33.081)  (4.181, 39.781)  (-10.488, 31.626)  (-26.765, 29.726)  (-36.542, 16.269)
step= 45  t=45.000  (-40.000, 0.000)  (-36.542, -16.269)  (-26.450, -29.212)  (-11.475, -35.761)  (4.181, -39.781)  (20.000, -34.641)  (30.491, -22.024)  (39.126, -8.316)  (39.126, 8.316)  (23.270, 19.624)  (20.000, 34.641)  (4.181, 39.781)  (-11.048, 33.545)  (-26.765, 29.726)  (-36.542, 16.269)
step= 46  t=46.000  (-40.000, 0.000)  (-36.542, -16.269)  (-26.765, -29.726)  (-12.199, -37.625)  (4.181, -39.781)  (20.000, -34.641)  (32.056, -23.269)  (39.126, -8.316)  (39.126, 8.316)  (25.109, 20.410)  (20.000, 34.641)  (4.181, 39.781)  (-11.609, 35.465)  (-26.765, 29.726)  (-36.542, 16.269)
step= 47  t=47.000  (-40.000, 0.000)  (-36.542, -16.269)  (-26.765, -29.726)  (-12.361, -38.042)  (4.181, -39.781)  (20.000, -34.641)  (32.361, -23.511)  (39.126, -8.316)  (39.126, 8.316)  (26.947, 21.196)  (20.000, 34.641)  (4.181, 39.781)  (-12.169, 37.384)  (-26.765, 29.726)  (-36.542, 16.269)
step= 48  t=48.000  (-40.000, 0.000)  (-36.542, -16.269)  (-26.765, -29.726)  (-12.361, -38.042)  (4.181, -39.781)  (20.000, -34.641)  (32.361, -23.511)  (39.126, -8.316)  (39.126, 8.316)  (28.785, 21.982)  (20.000, 34.641)  (4.181, 39.781)  (-12.361, 38.042)  (-26.765, 29.726)  (-36.542, 16.269)
step= 49  t=49.000  (-40.000, 0.000)  (-36.542, -16.269)  (-26.765, -29.726)  (-12.361, -38.042)  (4.181, -39.781)  (20.000, -34.641)  (32.361, -23.511)  (39.126, -8.316)  (39.126, 8.316)  (30.623, 22.768)  (20.000, 34.641)  (4.181, 39.781)  (-12.361, 38.042)  (-26.765, 29.726)  (-36.542, 16.269)
step= 50  t=50.000  (-40.000, 0.000)  (-36.542, -16.269)  (-26.765, -29.726)  (-12.361, -38.042)  (4.181, -39.781)  (20.000, -34.641)  (32.361, -23.511)  (39.126, -8.316)  (39.126, 8.316)  (32.361, 23.512)  (20.000, 34.641)  (4.181, 39.781)  (-12.361, 38.042)  (-26.765, 29.726)  (-36.542, 16.269)
