step= 0  t=0.000  (-1.999, 0.000)  (-1.826, -0.813)  (-1.338, -1.486)  (-0.618, -1.901)  (0.209, -1.988)  (1.000, -1.731)  (1.617, -1.175)  (1.956, -0.416)  (1.956, 0.416)  (1.617, 1.175)  (1.000, 1.731)  (0.209, 1.988)  (-0.618, 1.901)  (-1.338, 1.486)  (-1.826, 0.813)
step= 1  t=1.000  (-1.999, 0.000)  (-1.826, -0.813)  (-1.338, -1.486)  (-0.618, -1.901)  (0.209, -1.988)  (1.000, -1.731)  (1.617, -1.175)  (1.956, -0.416)  (1.956, 0.416)  (1.617, 1.175)  (1.000, 1.731)  (0.209, 1.988)  (-0.618, 1.901)  (-1.338, 1.486)  (-1.826, 0.813)
step= 2  t=2.000  (-1.999, 0.000)  (-1.826, -0.813)  (-1.338, -1.486)  (-0.618, -1.901)  (0.209, -1.988)  (1.000, -1.731)  (1.617, -1.175)  (1.956, -0.416)  (1.956, 0.416)  (1.617, 1.175)  (1.000, 1.731)  (0.209, 1.988)  (-0.618, 1.901)  (-1.338, 1.486)  (-1.826, 0.813)
step= 3  t=3.000  (-1.999, 0.000)  (-1.826, -0.813)  (-1.338, -1.486)  (-0.618, -1.901)  (0.209, -1.988)  (1.000, -1.731)  (1.617, -1.175)  (1.956, -0.416)  (1.956, 0.416)  (1.617, 1.175)  (1.000, 1.731)  (0.209, 1.988)  (-0.618, 1.901)  (-1.338, 1.486)  (-1.826, 0.813)
step= 4  t=4.000  (-1.999, 0.000)  (-1.826, -0.813)  (-1.338, -1.486)  (-0.618, -1.901)  (0.209, -1.988)  (1.000, -1.731)  (1.617, -1.175)  (1.956, -0.416)  (1.956, 0.416)  (1.617, 1.175)  (1.000, 1.731)  (0.209, 1.988)  (-0.618, 1.901)  (-1.338, 1.486)  (-1.826, 0.813)
step= 5  t=5.000  (-1.999, 0.000)  (-1.826, -0.813)  (-1.338, -1.486)  (-0.618, -1.901)  (0.209, -1.988)  (1.000, -1.731)  (1.617, -1.175)  (1.956, -0.416)  (1.956, 0.416)  (1.617, 1.175)  (1.000, 1.731)  (0.209, 1.988)  (-0.618, 1.901)  (-1.338, 1.486)  (-1.826, 0.813)
step= 6  t=6.000  (-1.999, 0.000)  (-1.826, -0.813)  (-1.338, -1.486)  (-0.618, -1.901)  (0.209, -1.988)  (1.000, -1.731)  (1.617, -1.175)  (1.956, -0.416)  (1.956, 0.416)  (1.617, 1.175)  (1.000, 1.731)  (0.209, 1.988)  (-0.618, 1.901)  (-1.338, 1.486)  (-1.826, 0.813)
step= 7  t=7.000  (-1.999, 0.000)  (-1.826, -0.813)  (-1.338, -1.486)  (-0.618, -1.901)  (0.209, -1.988)  (1.000, -1.731)  (1.617, -1.175)  (1.956, -0.416)  (1.956, 0.416)  (1.617, 1.175)  (1.000, 1.731)  (0.209, 1.988)  (-0.618, 1.901)  (-1.338, 1.486)  (-1.826, 0.813)
step= 8  t=8.000  (-1.999, -0.000)  (-1.826, -0.813)  (-1.338, -1.485)  (-0.618, -1.901)  (0.209, -1.988)  (0.999, -1.731)  (1.617, -1.175)  (1.955, -0.416)  (1.955, 0.416)  (1.617, 1.175)  (0.999, 1.731)  (0.209, 1.988)  (-0.618, 1.901)  (-1.338, 1.485)  (-1.826, 0.813)
step= 9  t=9.000  (-1.999, -0.000)  (-1.826, -0.813)  (-1.338, -1.485)  (-0.618, -1.901)  (0.209, -1.988)  (0.999, -1.731)  (1.617, -1.175)  (1.955, -0.416)  (1.955, 0.416)  (1.617, 1.175)  (0.999, 1.731)  (0.209, 1.988)  (-0.618, 1.901)  (-1.338, 1.485)  (-1.826, 0.813)
step= 10  t=10.000  (-1.999, -0.000)  (-1.826, -0.813)  (-1.338, -1.486)  (-0.618, -1.901)  (0.209, -1.988)  (1.000, -1.731)  (1.617, -1.175)  (1.955, -0.416)  (1.956, 0.416)  (1.617, 1.175)  (1.000, 1.731)  (0.209, 1.988)  (-0.618, 1.901)  (-1.338, 1.486)  (-1.826, 0.813)
step= 11  t=11.000  (-1.719, 0.000)  (-1.570, -0.699)  (-1.150, -1.277)  (-0.531, -1.635)  (0.180, -1.710)  (0.859, -1.489)  (1.390, -1.010)  (1.683, -0.358)  (1.681, 0.357)  (1.391, 1.010)  (0.859, 1.489)  (0.180, 1.710)  (-0.531, 1.635)  (-1.150, 1.277)  (-1.570, 0.699)
step= 12  t=12.000  (-1.432, -0.000)  (-1.309, -0.583)  (-0.958, -1.065)  (-0.443, -1.362)  (0.150, -1.425)  (0.716, -1.239)  (1.162, -0.844)  (1.396, -0.297)  (1.405, 0.299)  (1.158, 0.841)  (0.716, 1.241)  (0.150, 1.425)  (-0.443, 1.362)  (-0.959, 1.065)  (-1.309, 0.583)
step= 13  t=13.000  (-1.194, 0.000)  (-1.091, -0.486)  (-0.799, -0.887)  (-0.369, -1.135)  (0.125, -1.185)  (0.600, -1.041)  (0.951, -0.690)  (1.186, -0.252)  (1.150, 0.243)  (0.971, 0.707)  (0.596, 1.032)  (0.125, 1.187)  (-0.369, 1.135)  (-0.799, 0.887)  (-1.091, 0.486)
step= 14  t=14.000  (-0.995, -0.000)  (-0.909, -0.405)  (-0.666, -0.739)  (-0.306, -0.944)  (0.104, -1.000)  (0.479, -0.822)  (0.835, -0.608)  (0.855, -0.182)  (1.010, 0.216)  (0.772, 0.556)  (0.502, 0.872)  (0.104, 0.987)  (-0.307, 0.946)  (-0.666, 0.739)  (-0.908, 0.404)
step= 15  t=15.000  (-0.829, 0.000)  (-0.757, -0.337)  (-0.553, -0.615)  (-0.261, -0.799)  (0.088, -0.743)  (0.434, -0.754)  (1.587, -1.215)  (0.838, -0.178)  (1.944, 0.466)  (0.704, 0.512)  (0.383, 0.644)  (0.086, 0.836)  (-0.255, 0.787)  (-0.554, 0.615)  (-0.758, 0.337)
step= 16  t=16.000  (-0.692, -0.000)  (-0.629, -0.280)  (-0.470, -0.520)  (-0.148, -0.525)  (0.077, -0.709)  (0.722, -1.280)  (1.874, -0.699)  (1.220, -0.262)  (1.645, 0.406)  (1.181, 0.876)  (0.359, 0.616)  (0.079, 0.550)  (-0.218, 0.665)  (-0.462, 0.513)  (-0.630, 0.280)
step= 17  t=17.000  (-0.573, -0.000)  (-0.533, -0.236)  (0.099, -0.051)  (-0.337, -0.677)  (0.089, -1.109)  (0.777, -1.216)  (1.713, -1.032)  (1.141, -0.245)  (1.871, 0.395)  (1.201, 0.787)  (0.667, 0.922)  (-0.030, 0.766)  (-0.016, 0.249)  (-0.389, 0.431)  (-0.526, 0.235)
step= 18  t=18.000  (-0.483, 0.001)  (-1.118, -0.353)  (-0.396, -0.283)  (0.030, -0.905)  (0.050, -1.093)  (0.805, -1.220)  (1.887, -0.662)  (1.099, -0.234)  (1.735, 0.286)  (1.285, 0.873)  (0.470, 0.958)  (0.325, 0.744)  (-0.254, 0.615)  (-0.867, 0.761)  (-0.440, 0.195)
step= 19  t=19.000  (-0.878, 0.100)  (-1.824, -0.818)  (-0.227, -0.405)  (-0.234, -0.685)  (0.083, -1.106)  (0.817, -1.185)  (1.911, -0.592)  (1.114, -0.159)  (1.730, 0.274)  (1.265, 0.893)  (0.525, 1.034)  (-0.074, 0.691)  (0.189, 0.699)  (-1.334, 1.490)  (-0.836, 0.261)
step= 20  t=20.000  (-1.338, 0.203)  (-1.808, -0.856)  (-0.455, -0.668)  (-0.095, -1.063)  (0.130, -0.883)  (0.677, -1.087)  (1.989, -0.206)  (1.280, -0.208)  (1.774, 0.448)  (1.507, 0.470)  (0.211, 0.964)  (0.119, 0.770)  (-0.046, 0.559)  (-0.637, 1.304)  (-1.311, 0.339)
step= 21  t=21.000  (-1.118, 0.004)  (-1.329, -0.651)  (-0.502, -0.530)  (-0.124, -0.976)  (-0.230, -1.026)  (0.807, -0.976)  (1.794, -0.053)  (1.157, -0.269)  (1.314, 0.274)  (1.465, 0.295)  (0.132, 1.183)  (0.364, 0.766)  (-0.021, 0.774)  (-0.717, 1.350)  (-1.213, 0.378)
step= 22  t=22.000  (-0.903, -0.097)  (-1.022, -0.488)  (-0.503, -0.466)  (-0.102, -0.909)  (-0.306, -0.944)  (0.672, -0.900)  (1.678, -0.127)  (0.925, -0.274)  (1.393, 0.137)  (1.299, 0.444)  (0.038, 1.288)  (0.208, 0.689)  (0.122, 0.743)  (-0.563, 1.173)  (-1.397, 0.110)
step= 23  t=23.000  (-0.584, -0.128)  (-1.259, -0.615)  (-0.484, -0.424)  (-0.032, -0.859)  (-0.134, -0.893)  (0.516, -0.715)  (1.757, -0.449)  (0.748, -0.234)  (1.913, 0.584)  (1.061, 0.417)  (-0.203, 1.453)  (0.158, 0.558)  (0.122, 0.833)  (-0.322, 0.858)  (-1.991, -0.186)
step= 24  t=24.000  (-0.214, -0.169)  (-1.403, -0.842)  (-0.340, -0.464)  (0.126, -0.866)  (-0.114, -0.736)  (0.431, -0.472)  (1.534, -1.284)  (0.695, -0.110)  (1.670, 1.100)  (0.696, 0.431)  (-0.227, 1.202)  (0.096, 0.439)  (0.288, 0.703)  (-0.346, 0.977)  (-1.511, -0.235)
step= 25  t=25.000  (-0.171, -0.219)  (-1.549, -1.265)  (-0.288, -0.373)  (0.098, -0.687)  (-0.147, -0.595)  (0.210, -0.588)  (1.421, -1.407)  (0.302, -0.187)  (1.964, 0.374)  (0.843, 0.636)  (-0.167, 1.347)  (0.177, 0.251)  (0.406, 0.628)  (-0.174, 0.721)  (-1.229, -0.001)
step= 26  t=26.000  (0.054, -0.064)  (-1.843, -0.775)  (-0.155, -0.209)  (0.227, -0.531)  (-0.200, -0.437)  (0.127, -0.525)  (1.421, -1.407)  (0.137, -0.443)  (1.964, 0.374)  (0.474, 0.186)  (0.000, 1.836)  (-0.176, 0.239)  (0.688, 0.859)  (-0.783, 1.143)  (-1.002, 0.022)
step= 27  t=27.000  (0.475, 0.579)  (-1.843, -0.775)  (-0.563, -0.170)  (-0.121, -0.509)  (-0.480, -0.663)  (0.237, -0.695)  (1.421, -1.407)  (0.154, -0.334)  (1.964, 0.374)  (0.238, -0.195)  (0.488, 1.939)  (-0.171, 0.061)  (0.768, 0.799)  (-1.182, 1.167)  (-1.512, 0.663)
step= 28  t=28.000  (0.177, 0.485)  (-1.843, -0.776)  (-1.162, -0.401)  (-0.313, -0.597)  (-0.570, -0.782)  (0.148, -0.435)  (1.420, -1.406)  (0.378, -0.309)  (1.964, 0.374)  (0.497, -0.036)  (0.746, 1.856)  (-0.165, -0.005)  (0.541, 0.532)  (-1.395, 1.259)  (-1.742, 0.982)
step= 29  t=29.000  (-0.622, 0.922)  (-1.843, -0.775)  (-1.288, -0.780)  (-0.409, -0.380)  (-0.476, -1.786)  (0.983, -1.741)  (1.420, -1.407)  (0.134, -0.481)  (1.964, 0.374)  (0.480, 0.067)  (1.029, 1.715)  (-0.422, 0.459)  (0.418, 0.797)  (-1.418, 1.410)  (-1.742, 0.982)
step= 30  t=30.000  (-1.304, 0.936)  (-1.843, -0.776)  (-1.554, -1.251)  (-0.411, -0.360)  (-0.319, -1.974)  (0.983, -1.741)  (1.420, -1.406)  (1.009, -0.846)  (1.964, 0.374)  (0.300, 0.507)  (1.269, 1.545)  (-0.509, 0.254)  (0.026, 1.508)  (-1.418, 1.410)  (-1.742, 0.982)
step= 31  t=31.000  (-1.937, 0.493)  (-1.842, -0.775)  (-1.531, -1.287)  (-0.515, -0.790)  (-0.208, -1.989)  (0.983, -1.741)  (1.421, -1.407)  (1.973, -0.328)  (1.964, 0.374)  (0.408, 0.492)  (1.268, 1.545)  (-0.374, 0.610)  (-0.396, 1.960)  (-1.418, 1.410)  (-1.742, 0.982)
step= 32  t=32.000  (-1.994, -0.145)  (-1.842, -0.775)  (-1.490, -1.334)  (-0.644, -1.766)  (0.456, -1.947)  (0.983, -1.741)  (1.421, -1.407)  (1.975, -0.311)  (1.964, 0.374)  (1.241, 0.599)  (1.268, 1.545)  (-0.335, 0.842)  (-0.911, 1.779)  (-1.417, 1.410)  (-1.742, 0.982)
step= 33  t=33.000  (-1.994, -0.145)  (-1.842, -0.775)  (-1.372, -1.455)  (-0.676, -1.881)  (0.456, -1.947)  (0.983, -1.741)  (1.421, -1.407)  (1.975, -0.311)  (1.964, 0.374)  (1.517, 1.302)  (1.268, 1.545)  (0.200, 1.717)  (-0.912, 1.780)  (-1.417, 1.410)  (-1.741, 0.981)
step= 34  t=34.000  (-1.994, -0.145)  (-1.843, -0.775)  (-1.250, -1.560)  (-0.676, -1.881)  (0.456, -1.947)  (0.983, -1.741)  (1.421, -1.407)  (1.975, -0.311)  (1.964, 0.374)  (1.517, 1.302)  (1.268, 1.545)  (0.286, 1.979)  (-0.912, 1.780)  (-1.417, 1.410)  (-1.741, 0.981)
step= 35  t=35.000  (-1.994, -0.145)  (-1.843, -0.775)  (-1.250, -1.560)  (-0.676, -1.881)  (0.456, -1.947)  (0.983, -1.741)  (1.421, -1.407)  (1.975, -0.311)  (1.964, 0.374)  (1.517, 1.302)  (1.268, 1.545)  (0.286, 1.978)  (-0.912, 1.780)  (-1.418, 1.410)  (-1.742, 0.982)
step= 36  t=36.000  (-1.994, -0.145)  (-1.843, -0.775)  (-1.250, -1.560)  (-0.676, -1.881)  (0.456, -1.946)  (0.983, -1.741)  (1.421, -1.407)  (1.975, -0.311)  (1.964, 0.374)  (1.517, 1.302)  (1.268, 1.545)  (0.286, 1.978)  (-0.911, 1.779)  (-1.418, 1.410)  (-1.742, 0.982)
step= 37  t=37.000  (-1.994, -0.145)  (-1.843, -0.775)  (-1.250, -1.560)  (-0.676, -1.881)  (0.456, -1.946)  (0.983, -1.741)  (1.421, -1.407)  (1.975, -0.311)  (1.964, 0.374)  (1.517, 1.302)  (1.268, 1.545)  (0.286, 1.978)  (-0.911, 1.779)  (-1.418, 1.410)  (-1.742, 0.982)
step= 38  t=38.000  (-1.994, -0.145)  (-1.843, -0.775)  (-1.250, -1.560)  (-0.676, -1.881)  (0.456, -1.946)  (0.983, -1.741)  (1.421, -1.407)  (1.975, -0.311)  (1.964, 0.374)  (1.517, 1.302)  (1.269, 1.545)  (0.286, 1.978)  (-0.911, 1.779)  (-1.418, 1.410)  (-1.742, 0.982)
step= 39  t=39.000  (-1.994, -0.145)  (-1.843, -0.775)  (-1.250, -1.560)  (-0.676, -1.881)  (0.456, -1.946)  (0.983, -1.741)  (1.421, -1.407)  (1.975, -0.311)  (1.964, 0.374)  (1.517, 1.302)  (1.269, 1.545)  (0.286, 1.978)  (-0.911, 1.779)  (-1.418, 1.410)  (-1.742, 0.982)
step= 40  t=40.000  (-1.994, -0.145)  (-1.843, -0.775)  (-1.250, -1.560)  (-0.676, -1.881)  (0.456, -1.946)  (0.983, -1.741)  (1.421, -1.407)  (1.975, -0.311)  (1.964, 0.374)  (1.517, 1.302)  (1.269, 1.545)  (0.286, 1.978)  (-0.911, 1.779)  (-1.418, 1.410)  (-1.742, 0.982)
step= 41  t=41.000  (-1.994, -0.145)  (-1.843, -0.775)  (-1.250, -1.560)  (-0.676, -1.881)  (0.456, -1.946)  (0.983, -1.741)  (1.421, -1.407)  (1.975, -0.311)  (1.964, 0.374)  (1.517, 1.302)  (1.269, 1.545)  (0.286, 1.978)  (-0.911, 1.779)  (-1.418, 1.410)  (-1.742, 0.982)
step= 42  t=42.000  (-1.994, -0.145)  (-1.843, -0.775)  (-1.250, -1.560)  (-0.676, -1.881)  (0.456, -1.946)  (0.983, -1.741)  (0.719, -0.712)  (1.975, -0.311)  (1.120, 0.214)  (1.517, 1.302)  (1.269, 1.545)  (0.286, 1.978)  (-0.911, 1.779)  (-1.418, 1.410)  (-1.742, 0.982)
step= 43  t=43.000  (-1.994, -0.145)  (-1.843, -0.775)  (-1.250, -1.560)  (-0.676, -1.881)  (0.456, -1.946)  (0.983, -1.741)  (0.000, 0.000)  (1.975, -0.311)  (0.000, 0.000)  (1.517, 1.302)  (1.269, 1.545)  (0.286, 1.978)  (-0.911, 1.779)  (-1.418, 1.410)  (-1.742, 0.982)
step= 44  t=44.000  (-1.994, -0.145)  (-1.717, -0.723)  (-1.250, -1.560)  (-0.676, -1.881)  (0.456, -1.947)  (0.983, -1.741)  (0.000, 0.000)  (1.975, -0.311)  (0.000, 0.000)  (1.517, 1.302)  (1.269, 1.545)  (0.286, 1.978)  (-0.911, 1.779)  (-1.418, 1.410)  (-1.742, 0.982)
step= 45  t=45.000  (-1.994, -0.145)  (0.000, 0.000)  (-1.250, -1.560)  (-0.676, -1.881)  (0.456, -1.947)  (0.983, -1.741)  (0.000, 0.000)  (1.975, -0.311)  (0.000, 0.000)  (1.517, 1.302)  (1.269, 1.545)  (0.286, 1.978)  (-0.911, 1.779)  (-1.418, 1.410)  (-1.742, 0.982)
step= 46  t=46.000  (-1.994, -0.145)  (0.000, 0.000)  (-1.250, -1.560)  (-0.676, -1.881)  (0.456, -1.947)  (0.983, -1.741)  (0.000, 0.000)  (1.975, -0.311)  (0.000, 0.000)  (1.517, 1.302)  (1.269, 1.545)  (0.286, 1.978)  (-0.911, 1.779)  (-1.418, 1.410)  (-1.742, 0.982)
step= 47  t=47.000  (-1.994, -0.145)  (0.000, 0.000)  (-1.250, -1.560)  (-0.676, -1.881)  (0.456, -1.947)  (0.983, -1.741)  (0.000, 0.000)  (1.975, -0.311)  (0.000, 0.000)  (1.517, 1.302)  (0.314, 0.383)  (0.286, 1.979)  (-0.911, 1.779)  (0.000, 0.000)  (-0.666, 0.375)
step= 48  t=48.000  (-1.994, -0.145)  (0.000, 0.000)  (-1.250, -1.560)  (-0.676, -1.881)  (0.456, -1.947)  (0.294, -0.520)  (0.000, 0.000)  (1.975, -0.311)  (0.000, 0.000)  (1.517, 1.302)  (0.000, 0.000)  (0.286, 1.979)  (-0.911, 1.779)  (0.000, 0.000)  (0.000, 0.000)
step= 49  t=49.000  (-1.994, -0.145)  (0.000, 0.000)  (-1.250, -1.560)  (-0.676, -1.881)  (0.425, -1.814)  (0.000, 0.000)  (0.000, 0.000)  (1.975, -0.311)  (0.000, 0.000)  (1.517, 1.302)  (0.000, 0.000)  (0.286, 1.979)  (-0.911, 1.779)  (0.000, 0.000)  (0.000, 0.000)
step= 50  t=50.000  (-1.994, -0.145)  (0.000, 0.000)  (-1.250, -1.560)  (-0.676, -1.881)  (0.000, 0.000)  (0.000, 0.000)  (0.000, 0.000)  (1.772, -0.279)  (0.000, 0.000)  (0.700, 0.600)  (0.000, 0.000)  (0.286, 1.979)  (-0.911, 1.779)  (0.000, 0.000)  (0.000, 0.000)
step= 51  t=51.000  (-1.994, -0.145)  (0.000, 0.000)  (-0.752, -0.938)  (-0.676, -1.881)  (0.000, 0.000)  (0.000, 0.000)  (0.000, 0.000)  (0.000, 0.000)  (0.000, 0.000)  (0.000, 0.000)  (0.000, 0.000)  (0.286, 1.979)  (-0.911, 1.779)  (0.000, 0.000)  (0.000, 0.000)
step= 52  t=52.000  (-1.851, -0.135)  (0.000, 0.000)  (0.000, 0.000)  (-0.167, -0.464)  (0.000, 0.000)  (0.000, 0.000)  (0.000, 0.000)  (0.000, 0.000)  (0.000, 0.000)  (0.000, 0.000)  (0.000, 0.000)  (0.286, 1.979)  (-0.409, 0.798)  (0.000, 0.000)  (0.000, 0.000)
step= 53  t=53.000  (0.000, 0.000)  (0.000, 0.000)  (0.000, 0.000)  (0.000, 0.000)  (0.000, 0.000)  (0.000, 0.000)  (0.000, 0.000)  (0.000, 0.000)  (0.000, 0.000)  (0.000, 0.000)  (0.000, 0.000)  (0.286, 1.979)  (0.000, 0.000)  (0.000, 0.000)  (0.000, 0.000)
step= 54  t=54.000  (0.000, 0.000)  (0.000, 0.000)  (0.000, 0.000)  (0.000, 0.000)  (0.000, 0.000)  (0.000, 0.000)  (0.000, 0.000)  (0.000, 0.000)  (0.000, 0.000)  (0.000, 0.000)  (0.000, 0.000)  (0.228, 1.577)  (0.000, 0.000)  (0.000, 0.000)  (0.000, 0.000)
