Simulation has 15 agents and 0 obstacle vertices in it.
Running simulation
step= 0  t=0.000  (40.000, 0.000)  (36.542, 16.269)  (26.765, 29.726)  (12.361, 38.042)  (-4.181, 39.781)  (-20.000, 34.641)  (-32.361, 23.511)  (-39.126, 8.316)  (-39.126, -8.316)  (-32.361, -23.511)  (-20.000, -34.641)  (-4.181, -39.781)  (12.361, -38.042)  (26.765, -29.726)  (36.542, -16.269)
step= 1  t=1.000  (38.001, 0.000)  (34.715, 15.456)  (25.427, 28.240)  (11.743, 36.141)  (-3.972, 37.793)  (-19.000, 32.910)  (-30.743, 22.336)  (-37.170, 7.901)  (-37.170, -7.901)  (-30.743, -22.336)  (-19.000, -32.910)  (-3.972, -37.793)  (11.743, -36.141)  (25.427, -28.240)  (34.715, -15.456)
step= 2  t=2.000  (36.002, 0.000)  (32.889, 14.643)  (24.090, 26.754)  (11.125, 34.240)  (-3.763, 35.804)  (-18.001, 31.178)  (-29.126, 21.161)  (-35.215, 7.485)  (-35.215, -7.485)  (-29.126, -21.161)  (-18.001, -31.178)  (-3.763, -35.804)  (11.125, -34.240)  (24.090, -26.754)  (32.889, -14.643)
step= 3  t=3.000  (34.002, 0.000)  (31.063, 13.830)  (22.752, 25.269)  (10.507, 32.338)  (-3.554, 33.816)  (-17.001, 29.447)  (-27.508, 19.986)  (-33.259, 7.069)  (-33.259, -7.069)  (-27.508, -19.986)  (-17.001, -29.447)  (-3.554, -33.816)  (10.507, -32.338)  (22.752, -25.269)  (31.063, -13.830)
step= 4  t=4.000  (32.003, 0.000)  (29.236, 13.017)  (21.414, 23.783)  (9.890, 30.437)  (-3.345, 31.828)  (-16.002, 27.716)  (-25.891, 18.811)  (-31.304, 6.654)  (-31.304, -6.654)  (-25.891, -18.811)  (-16.002, -27.716)  (-3.345, -31.828)  (9.890, -30.437)  (21.414, -23.783)  (29.236, -13.017)
step= 5  t=5.000  (30.004, 0.000)  (27.410, 12.204)  (20.077, 22.297)  (9.272, 28.535)  (-3.136, 29.840)  (-15.002, 25.984)  (-24.274, 17.636)  (-29.348, 6.238)  (-29.348, -6.238)  (-24.274, -17.636)  (-15.002, -25.984)  (-3.136, -29.840)  (9.272, -28.535)  (20.077, -22.297)  (27.410, -12.204)
step= 6  t=6.000  (28.005, 0.000)  (25.584, 11.391)  (18.739, 20.812)  (8.654, 26.634)  (-2.927, 27.851)  (-14.002, 24.253)  (-22.656, 16.461)  (-27.393, 5.823)  (-27.393, -5.823)  (-22.656, -16.461)  (-14.002, -24.253)  (-2.927, -27.851)  (8.654, -26.634)  (18.739, -20.812)  (25.584, -11.391)
step= 7  t=7.000  (26.006, 0.000)  (23.757, 10.577)  (17.401, 19.326)  (8.036, 24.733)  (-2.718, 25.863)  (-13.003, 22.521)  (-21.039, 15.286)  (-25.437, 5.407)  (-25.437, -5.407)  (-21.039, -15.286)  (-13.003, -22.521)  (-2.718, -25.863)  (8.036, -24.733)  (17.401, -19.326)  (23.757, -10.577)
step= 8  t=8.000  (24.006, 0.000)  (21.931, 9.764)  (16.063, 17.840)  (7.418, 22.831)  (-2.509, 23.875)  (-12.003, 20.790)  (-19.422, 14.111)  (-23.482, 4.991)  (-23.482, -4.991)  (-19.422, -14.111)  (-12.003, -20.790)  (-2.509, -23.875)  (7.418, -22.831)  (16.063, -17.840)  (21.931, -9.764)
step= 9  t=9.000  (22.007, -0.000)  (20.105, 8.951)  (14.726, 16.355)  (6.801, 20.930)  (-2.300, 21.887)  (-11.004, 19.059)  (-17.804, 12.936)  (-21.526, 4.576)  (-21.527, -4.576)  (-17.804, -12.936)  (-11.004, -19.059)  (-2.300, -21.887)  (6.801, -20.930)  (14.726, -16.355)  (20.105, -8.951)
step= 10  t=10.000  (20.009, -0.000)  (18.279, 8.138)  (13.388, 14.869)  (6.183, 19.029)  (-2.091, 19.899)  (-10.004, 17.328)  (-16.187, 11.761)  (-19.571, 4.160)  (-19.571, -4.160)  (-16.187, -11.761)  (-10.004, -17.328)  (-2.091, -19.899)  (6.183, -19.029)  (13.388, -14.869)  (18.279, -8.138)
step= 11  t=11.000  (18.009, -0.000)  (16.452, 7.325)  (12.050, 13.383)  (5.565, 17.128)  (-1.882, 17.911)  (-9.005, 15.596)  (-14.570, 10.586)  (-17.616, 3.744)  (-17.616, -3.744)  (-14.570, -10.586)  (-9.005, -15.596)  (-1.882, -17.911)  (5.565, -17.128)  (12.050, -13.383)  (16.452, -7.325)
step= 12  t=12.000  (16.290, 0.000)  (14.882, 6.626)  (10.900, 12.106)  (5.034, 15.493)  (-1.703, 16.201)  (-8.145, 14.108)  (-13.180, 9.576)  (-15.933, 3.387)  (-15.935, -3.387)  (-13.179, -9.575)  (-8.145, -14.108)  (-1.703, -16.201)  (5.034, -15.493)  (10.900, -12.106)  (14.882, -6.626)
step= 13  t=13.000  (14.858, -0.000)  (13.573, 6.043)  (9.942, 11.042)  (4.591, 14.131)  (-1.553, 14.776)  (-7.429, 12.868)  (-12.018, 8.731)  (-14.538, 3.090)  (-14.530, -3.088)  (-12.021, -8.734)  (-7.429, -12.867)  (-1.553, -14.776)  (4.591, -14.131)  (9.942, -11.041)  (13.573, -6.043)
step= 14  t=14.000  (13.664, 0.000)  (12.483, 5.558)  (9.143, 10.154)  (4.222, 12.995)  (-1.428, 13.591)  (-6.829, 11.827)  (-11.066, 8.041)  (-13.352, 2.838)  (-13.380, -2.845)  (-11.050, -8.027)  (-6.833, -11.835)  (-1.428, -13.589)  (4.222, -12.995)  (9.143, -10.154)  (12.483, -5.558)
step= 15  t=15.000  (12.669, -0.000)  (11.574, 5.153)  (8.477, 9.415)  (3.916, 12.051)  (-1.324, 12.591)  (-6.350, 11.005)  (-10.231, 7.433)  (-12.496, 2.656)  (-12.370, -2.629)  (-10.277, -7.471)  (-6.331, -10.964)  (-1.324, -12.602)  (3.915, -12.049)  (8.477, -9.415)  (11.574, -5.153)
step= 16  t=16.000  (11.841, 0.000)  (10.817, 4.816)  (7.925, 8.801)  (3.655, 11.252)  (-1.236, 11.848)  (-5.916, 10.251)  (-8.644, 6.218)  (-11.659, 2.478)  (-10.426, -2.163)  (-9.574, -6.958)  (-5.948, -10.319)  (-1.238, -11.766)  (3.660, -11.262)  (7.923, -8.800)  (10.816, -4.816)
step= 17  t=17.000  (11.149, -0.000)  (10.188, 4.536)  (7.455, 8.281)  (3.507, 10.727)  (-1.159, 11.139)  (-5.194, 8.971)  (-6.771, 5.519)  (-10.439, 2.216)  (-8.781, -1.758)  (-8.393, -6.083)  (-5.589, -9.703)  (-1.159, -11.217)  (3.442, -10.598)  (7.461, -8.286)  (10.186, -4.535)
step= 18  t=18.000  (10.576, -0.000)  (9.655, 4.299)  (7.553, 8.229)  (3.171, 10.050)  (-1.070, 10.030)  (-4.417, 7.754)  (-5.057, 4.487)  (-9.298, 1.971)  (-6.910, -1.363)  (-7.192, -5.296)  (-4.922, -8.781)  (-1.189, -10.451)  (3.426, -10.349)  (7.072, -7.855)  (9.660, -4.301)
step= 19  t=19.000  (10.093, 0.000)  (8.537, 3.946)  (7.158, 7.946)  (3.201, 9.145)  (-1.020, 8.937)  (-3.611, 6.535)  (-3.170, 3.824)  (-8.199, 1.737)  (-5.175, -1.077)  (-5.907, -4.423)  (-4.452, -7.823)  (-0.863, -9.707)  (3.172, -9.733)  (6.205, -7.094)  (9.220, -4.106)
step= 20  t=20.000  (9.215, 0.100)  (6.713, 3.128)  (6.931, 7.542)  (2.967, 8.460)  (-0.937, 7.831)  (-2.794, 5.350)  (-1.260, 3.233)  (-7.085, 1.579)  (-3.445, -0.803)  (-4.642, -3.530)  (-3.927, -6.789)  (-0.937, -9.016)  (3.361, -9.034)  (4.871, -5.604)  (8.385, -3.845)
step= 21  t=21.000  (7.876, 0.303)  (4.905, 2.272)  (6.476, 6.874)  (2.872, 7.397)  (-0.807, 6.948)  (-2.117, 4.263)  (0.730, 3.026)  (-5.805, 1.371)  (-1.671, -0.355)  (-3.135, -3.060)  (-3.716, -5.826)  (-0.818, -8.246)  (3.314, -8.475)  (4.234, -4.301)  (7.073, -3.506)
step= 22  t=22.000  (6.759, 0.307)  (3.577, 1.621)  (5.974, 6.343)  (2.748, 6.420)  (-1.037, 5.922)  (-1.311, 3.286)  (2.524, 2.974)  (-4.648, 1.102)  (-0.357, -0.081)  (-1.670, -2.765)  (-3.585, -4.643)  (-0.454, -7.479)  (3.293, -7.701)  (3.518, -2.950)  (5.860, -3.128)
step= 23  t=23.000  (5.856, 0.210)  (2.555, 1.133)  (5.471, 5.877)  (2.646, 5.511)  (-1.343, 4.978)  (-0.638, 2.386)  (4.202, 2.847)  (-3.723, 0.828)  (1.036, 0.056)  (-0.372, -2.322)  (-3.546, -3.355)  (-0.246, -6.790)  (3.415, -6.958)  (2.955, -1.778)  (4.463, -3.018)
step= 24  t=24.000  (5.272, 0.082)  (1.296, 0.518)  (4.987, 5.453)  (2.614, 4.652)  (-1.477, 4.085)  (-0.122, 1.671)  (5.959, 2.398)  (-2.975, 0.594)  (2.949, 0.639)  (0.689, -1.904)  (-3.749, -1.902)  (-0.088, -6.232)  (3.537, -6.125)  (2.633, -0.919)  (2.472, -3.204)
step= 25  t=25.000  (5.058, -0.086)  (-0.107, -0.324)  (4.646, 4.989)  (2.740, 3.786)  (-1.591, 3.348)  (0.309, 1.199)  (7.492, 1.114)  (-2.280, 0.484)  (4.619, 1.739)  (1.385, -1.474)  (-3.976, -0.700)  (0.008, -5.793)  (3.825, -5.422)  (2.287, 0.058)  (0.961, -3.439)
step= 26  t=26.000  (4.887, -0.306)  (-1.656, -1.590)  (4.358, 4.616)  (2.839, 3.099)  (-1.738, 2.754)  (0.519, 0.611)  (8.913, -0.293)  (-1.979, 0.297)  (6.583, 2.114)  (2.228, -0.837)  (-4.143, 0.647)  (0.185, -5.542)  (4.230, -4.794)  (2.113, 0.779)  (-0.268, -3.440)
step= 27  t=27.000  (4.941, -0.370)  (-3.498, -2.365)  (4.203, 4.407)  (3.066, 2.568)  (-1.938, 2.317)  (0.646, 0.087)  (10.334, -1.700)  (-1.842, -0.146)  (8.547, 2.488)  (2.702, -0.651)  (-4.143, 2.483)  (0.009, -5.303)  (4.918, -3.935)  (1.330, 1.922)  (-1.271, -3.418)
step= 28  t=28.000  (5.416, 0.209)  (-5.341, -3.141)  (3.639, 4.238)  (2.944, 2.059)  (-2.417, 1.654)  (0.883, -0.608)  (11.754, -3.107)  (-1.687, -0.480)  (10.511, 2.863)  (2.940, -0.846)  (-3.654, 4.422)  (-0.162, -5.242)  (5.686, -3.136)  (0.148, 3.088)  (-2.783, -2.756)
step= 29  t=29.000  (5.593, 0.694)  (-7.184, -3.916)  (2.477, 3.836)  (2.631, 1.462)  (-2.988, 0.872)  (1.031, -1.043)  (13.175, -4.513)  (-1.310, -0.789)  (12.476, 3.237)  (3.437, -0.882)  (-2.909, 6.278)  (-0.327, -5.248)  (6.227, -2.605)  (-1.247, 4.347)  (-4.525, -1.774)
step= 30  t=30.000  (4.971, 1.616)  (-9.027, -4.692)  (1.189, 3.057)  (2.222, 1.082)  (-3.464, -0.914)  (2.014, -2.784)  (14.595, -5.920)  (-1.176, -1.270)  (14.440, 3.611)  (3.918, -0.815)  (-1.879, 7.993)  (-0.749, -4.788)  (6.645, -1.808)  (-2.665, 5.757)  (-6.267, -0.792)
step= 31  t=31.000  (3.667, 2.552)  (-10.870, -5.467)  (-0.364, 1.805)  (1.812, 0.721)  (-3.783, -2.888)  (2.997, -4.526)  (16.015, -7.326)  (-0.166, -2.116)  (16.403, 3.986)  (4.218, -0.309)  (-0.611, 9.538)  (-1.258, -4.534)  (6.671, -0.300)  (-4.083, 7.167)  (-8.009, 0.189)
step= 32  t=32.000  (1.730, 3.044)  (-12.713, -6.242)  (-1.896, 0.519)  (1.296, -0.068)  (-3.991, -4.877)  (3.980, -6.267)  (17.436, -8.733)  (1.806, -2.444)  (18.367, 4.360)  (4.626, 0.183)  (0.658, 11.083)  (-1.632, -3.924)  (6.275, 1.660)  (-5.500, 8.577)  (-9.751, 1.171)
step= 33  t=33.000  (-0.265, 2.899)  (-14.555, -7.018)  (-3.386, -0.815)  (0.653, -1.835)  (-3.535, -6.824)  (4.963, -8.008)  (18.857, -10.139)  (3.782, -2.755)  (20.331, 4.734)  (5.867, 0.782)  (1.926, 12.628)  (-1.967, -3.081)  (5.363, 3.440)  (-6.918, 9.987)  (-11.493, 2.153)
step= 34  t=34.000  (-2.259, 2.753)  (-16.398, -7.793)  (-4.758, -2.271)  (-0.024, -3.716)  (-3.080, -8.771)  (5.946, -9.749)  (20.277, -11.546)  (5.757, -3.066)  (22.295, 5.108)  (7.384, 2.084)  (3.195, 14.173)  (-1.767, -1.365)  (4.452, 5.219)  (-8.335, 11.396)  (-13.234, 3.134)
step= 35  t=35.000  (-4.253, 2.608)  (-18.240, -8.568)  (-6.008, -3.831)  (-0.700, -5.597)  (-2.624, -10.717)  (6.929, -11.489)  (21.698, -12.953)  (7.732, -3.376)  (24.259, 5.483)  (8.902, 3.385)  (4.463, 15.718)  (-1.481, 0.614)  (3.540, 6.999)  (-9.752, 12.806)  (-14.976, 4.116)
step= 36  t=36.000  (-6.247, 2.462)  (-20.083, -9.344)  (-7.258, -5.390)  (-1.376, -7.479)  (-2.168, -12.664)  (7.912, -13.230)  (23.118, -14.360)  (9.706, -3.687)  (26.223, 5.857)  (10.419, 4.687)  (5.731, 17.263)  (-1.195, 2.592)  (2.629, 8.778)  (-11.170, 14.215)  (-16.717, 5.097)
step= 37  t=37.000  (-8.240, 2.317)  (-21.926, -10.119)  (-8.509, -6.950)  (-2.052, -9.360)  (-1.712, -14.611)  (8.895, -14.971)  (24.539, -15.766)  (11.681, -3.998)  (28.186, 6.231)  (11.936, 5.989)  (7.000, 18.807)  (-0.909, 4.570)  (1.718, 10.557)  (-12.587, 15.625)  (-18.459, 6.079)
step= 38  t=38.000  (-10.234, 2.171)  (-23.768, -10.895)  (-9.759, -8.510)  (-2.728, -11.241)  (-1.257, -16.557)  (9.877, -16.712)  (25.960, -17.173)  (13.655, -4.309)  (30.150, 6.606)  (13.453, 7.290)  (8.268, 20.352)  (-0.623, 6.549)  (0.806, 12.336)  (-14.005, 17.035)  (-20.201, 7.060)
step= 39  t=39.000  (-12.228, 2.026)  (-25.611, -11.670)  (-11.009, -10.069)  (-3.404, -13.122)  (-0.801, -18.503)  (10.860, -18.453)  (27.380, -18.580)  (15.630, -4.619)  (32.114, 6.980)  (14.970, 8.592)  (9.537, 21.897)  (-0.337, 8.527)  (-0.105, 14.115)  (-15.422, 18.445)  (-21.942, 8.042)
step= 40  t=40.000  (-14.222, 1.881)  (-27.454, -12.445)  (-12.259, -11.629)  (-4.080, -15.003)  (-0.345, -20.449)  (11.843, -20.193)  (28.801, -19.986)  (17.605, -4.930)  (34.078, 7.354)  (16.488, 9.894)  (10.806, 23.443)  (-0.051, 10.505)  (-1.016, 15.894)  (-16.840, 19.855)  (-23.684, 9.023)
step= 41  t=41.000  (-16.215, 1.735)  (-29.297, -13.221)  (-13.509, -13.189)  (-4.756, -16.884)  (0.111, -22.396)  (12.826, -21.934)  (30.221, -21.393)  (19.580, -5.241)  (36.042, 7.729)  (18.005, 11.195)  (12.074, 24.988)  (0.235, 12.483)  (-1.927, 17.673)  (-18.257, 21.264)  (-25.426, 10.005)
step= 42  t=42.000  (-18.209, 1.590)  (-31.139, -13.996)  (-14.760, -14.748)  (-5.432, -18.765)  (0.566, -24.342)  (13.809, -23.675)  (31.642, -22.800)  (21.555, -5.552)  (38.006, 8.103)  (19.522, 12.497)  (13.343, 26.533)  (0.521, 14.462)  (-2.839, 19.452)  (-19.675, 22.674)  (-27.167, 10.986)
step= 43  t=43.000  (-20.203, 1.444)  (-32.982, -14.772)  (-16.010, -16.308)  (-6.108, -20.646)  (1.022, -26.288)  (14.792, -25.416)  (32.361, -23.511)  (23.530, -5.862)  (39.126, 8.316)  (21.040, 13.799)  (14.611, 28.078)  (0.807, 16.440)  (-3.750, 21.231)  (-21.092, 24.084)  (-28.909, 11.968)
step= 44  t=44.000  (-22.197, 1.299)  (-34.825, -15.547)  (-17.260, -17.868)  (-6.784, -22.527)  (1.478, -28.234)  (15.775, -27.157)  (32.361, -23.511)  (25.505, -6.173)  (39.126, 8.316)  (22.557, 15.101)  (15.880, 29.623)  (1.093, 18.418)  (-4.661, 23.010)  (-22.510, 25.494)  (-30.651, 12.950)
step= 45  t=45.000  (-24.191, 1.153)  (-36.542, -16.269)  (-18.511, -19.428)  (-7.461, -24.409)  (1.933, -30.181)  (16.758, -28.898)  (32.361, -23.511)  (27.480, -6.484)  (39.126, 8.316)  (24.074, 16.402)  (17.149, 31.168)  (1.379, 20.397)  (-5.572, 24.789)  (-23.927, 26.903)  (-32.392, 13.931)
step= 46  t=46.000  (-26.185, 1.008)  (-36.542, -16.269)  (-19.761, -20.988)  (-8.137, -26.290)  (2.389, -32.128)  (17.740, -30.639)  (32.361, -23.511)  (29.455, -6.795)  (39.126, 8.316)  (25.592, 17.704)  (18.417, 32.713)  (1.665, 22.375)  (-6.484, 26.568)  (-25.345, 28.313)  (-34.134, 14.913)
step= 47  t=47.000  (-28.179, 0.862)  (-36.542, -16.269)  (-21.012, -22.548)  (-8.813, -28.172)  (2.845, -34.074)  (18.723, -32.380)  (32.361, -23.511)  (31.430, -7.105)  (39.126, 8.316)  (27.109, 19.006)  (19.686, 34.258)  (1.951, 24.353)  (-7.395, 28.348)  (-26.762, 29.723)  (-35.876, 15.894)
step= 48  t=48.000  (-30.173, 0.717)  (-36.542, -16.269)  (-22.262, -24.108)  (-9.489, -30.053)  (3.301, -36.021)  (19.706, -34.121)  (32.361, -23.511)  (33.405, -7.416)  (39.126, 8.316)  (28.626, 20.308)  (20.000, 34.641)  (2.237, 26.332)  (-8.306, 30.127)  (-26.762, 29.723)  (-36.542, 16.269)
step= 49  t=49.000  (-32.167, 0.571)  (-36.542, -16.269)  (-23.512, -25.668)  (-10.165, -31.934)  (3.756, -37.967)  (20.000, -34.641)  (32.361, -23.511)  (35.379, -7.727)  (39.126, 8.316)  (30.144, 21.609)  (20.000, 34.641)  (2.523, 28.310)  (-9.218, 31.906)  (-26.762, 29.723)  (-36.542, 16.269)
step= 50  t=50.000  (-34.161, 0.426)  (-36.542, -16.269)  (-24.763, -27.228)  (-10.842, -33.816)  (4.181, -39.781)  (20.000, -34.641)  (32.361, -23.511)  (37.354, -8.038)  (39.126, 8.316)  (31.661, 22.911)  (20.000, 34.641)  (2.809, 30.289)  (-10.129, 33.686)  (-26.762, 29.723)  (-36.542, 16.269)
step= 51  t=51.000  (-36.155, 0.281)  (-36.542, -16.269)  (-26.013, -28.788)  (-11.518, -35.697)  (4.181, -39.781)  (20.000, -34.641)  (32.361, -23.511)  (39.126, -8.317)  (39.126, 8.316)  (32.361, 23.511)  (20.000, 34.641)  (3.095, 32.268)  (-11.041, 35.465)  (-26.762, 29.723)  (-36.542, 16.269)
step= 52  t=52.000  (-38.148, 0.135)  (-36.542, -16.269)  (-26.765, -29.726)  (-12.194, -37.579)  (4.181, -39.781)  (20.000, -34.641)  (32.361, -23.511)  (39.126, -8.317)  (39.126, 8.316)  (32.361, 23.511)  (20.000, 34.641)  (3.381, 34.246)  (-11.952, 37.244)  (-26.762, 29.723)  (-36.542, 16.269)
step= 53  t=53.000  (-40.000, 0.000)  (-36.542, -16.269)  (-26.765, -29.726)  (-12.361, -38.042)  (4.181, -39.781)  (20.000, -34.641)  (32.361, -23.511)  (39.126, -8.317)  (39.126, 8.316)  (32.361, 23.511)  (20.000, 34.641)  (3.667, 36.225)  (-12.361, 38.042)  (-26.762, 29.723)  (-36.542, 16.269)
step= 54  t=54.000  (-40.000, 0.000)  (-36.542, -16.269)  (-26.765, -29.726)  (-12.361, -38.042)  (4.181, -39.781)  (20.000, -34.641)  (32.361, -23.511)  (39.126, -8.317)  (39.126, 8.316)  (32.361, 23.511)  (20.000, 34.641)  (3.953, 38.204)  (-12.361, 38.042)  (-26.762, 29.723)  (-36.542, 16.269)
step= 55  t=55.000  (-40.000, 0.000)  (-36.542, -16.269)  (-26.765, -29.726)  (-12.361, -38.042)  (4.181, -39.781)  (20.000, -34.641)  (32.361, -23.511)  (39.126, -8.317)  (39.126, 8.316)  (32.361, 23.511)  (20.000, 34.641)  (4.181, 39.781)  (-12.361, 38.042)  (-26.762, 29.723)  (-36.542, 16.269)
