Simulation has 15 agents and 0 obstacle vertices in it.
Running simulation
step= 0  t=0.000  (40.000, 0.000)  (36.542, 16.269)  (26.765, 29.726)  (12.361, 38.042)  (-4.181, 39.781)  (-20.000, 34.641)  (-32.361, 23.511)  (-39.126, 8.316)  (-39.126, -8.316)  (-32.361, -23.511)  (-20.000, -34.641)  (-4.181, -39.781)  (12.361, -38.042)  (26.765, -29.726)  (36.542, -16.269)
step= 1  t=1.000  (38.001, 0.000)  (34.715, 15.456)  (25.427, 28.240)  (11.743, 36.141)  (-3.972, 37.793)  (-19.000, 32.910)  (-30.743, 22.336)  (-37.170, 7.901)  (-37.170, -7.901)  (-30.743, -22.336)  (-19.000, -32.910)  (-3.972, -37.793)  (11.743, -36.141)  (25.427, -28.240)  (34.715, -15.456)
step= 2  t=2.000  (36.002, 0.000)  (32.889, 14.643)  (24.090, 26.754)  (11.125, 34.240)  (-3.763, 35.804)  (-18.001, 31.178)  (-29.126, 21.161)  (-35.215, 7.485)  (-35.215, -7.485)  (-29.126, -21.161)  (-18.001, -31.178)  (-3.763, -35.804)  (11.125, -34.240)  (24.090, -26.754)  (32.889, -14.643)
step= 3  t=3.000  (34.002, 0.000)  (31.063, 13.830)  (22.752, 25.269)  (10.507, 32.338)  (-3.554, 33.816)  (-17.001, 29.447)  (-27.508, 19.986)  (-33.259, 7.069)  (-33.259, -7.069)  (-27.508, -19.986)  (-17.001, -29.447)  (-3.554, -33.816)  (10.507, -32.338)  (22.752, -25.269)  (31.063, -13.830)
step= 4  t=4.000  (32.003, 0.000)  (29.236, 13.017)  (21.414, 23.783)  (9.890, 30.437)  (-3.345, 31.828)  (-16.002, 27.716)  (-25.891, 18.811)  (-31.304, 6.654)  (-31.304, -6.654)  (-25.891, -18.811)  (-16.002, -27.716)  (-3.345, -31.828)  (9.890, -30.437)  (21.414, -23.783)  (29.236, -13.017)
step= 5  t=5.000  (30.004, 0.000)  (27.410, 12.204)  (20.077, 22.297)  (9.272, 28.535)  (-3.136, 29.840)  (-15.002, 25.984)  (-24.274, 17.636)  (-29.348, 6.238)  (-29.348, -6.238)  (-24.274, -17.636)  (-15.002, -25.984)  (-3.136, -29.840)  (9.272, -28.535)  (20.077, -22.297)  (27.410, -12.204)
step= 6  t=6.000  (28.005, 0.000)  (25.584, 11.391)  (18.739, 20.812)  (8.654, 26.634)  (-2.927, 27.851)  (-14.002, 24.253)  (-22.656, 16.461)  (-27.393, 5.823)  (-27.393, -5.823)  (-22.656, -16.461)  (-14.002, -24.253)  (-2.927, -27.851)  (8.654, -26.634)  (18.739, -20.812)  (25.584, -11.391)
step= 7  t=7.000  (26.006, 0.000)  (23.757, 10.577)  (17.401, 19.326)  (8.036, 24.733)  (-2.718, 25.863)  (-13.003, 22.521)  (-21.039, 15.286)  (-25.437, 5.407)  (-25.437, -5.407)  (-21.039, -15.286)  (-13.003, -22.521)  (-2.718, -25.863)  (8.036, -24.733)  (17.401, -19.326)  (23.757, -10.577)
step= 8  t=8.000  (24.006, 0.000)  (21.931, 9.764)  (16.063, 17.840)  (7.418, 22.831)  (-2.509, 23.875)  (-12.003, 20.790)  (-19.422, 14.111)  (-23.482, 4.991)  (-23.482, -4.991)  (-19.422, -14.111)  (-12.003, -20.790)  (-2.509, -23.875)  (7.418, -22.831)  (16.063, -17.840)  (21.931, -9.764)
step= 9  t=9.000  (22.007, 0.000)  (20.104, 8.951)  (14.726, 16.354)  (6.801, 20.930)  (-2.300, 21.887)  (-11.004, 19.059)  (-17.804, 12.936)  (-21.526, 4.576)  (-21.526, -4.576)  (-17.804, -12.935)  (-11.003, -19.059)  (-2.300, -21.887)  (6.801, -20.930)  (14.726, -16.355)  (20.105, -8.951)
step= 10  t=10.000  (20.008, 0.000)  (18.278, 8.138)  (13.388, 14.869)  (6.183, 19.028)  (-2.091, 19.898)  (-10.004, 17.327)  (-16.187, 11.761)  (-19.570, 4.160)  (-19.571, -4.160)  (-16.187, -11.760)  (-10.004, -17.327)  (-2.091, -19.898)  (6.183, -19.028)  (13.388, -14.869)  (18.278, -8.138)
step= 11  t=11.000  (18.009, 0.000)  (16.452, 7.325)  (12.050, 13.383)  (5.565, 17.127)  (-1.882, 17.910)  (-9.004, 15.596)  (-14.570, 10.585)  (-17.615, 3.744)  (-17.615, -3.744)  (-14.569, -10.585)  (-9.004, -15.596)  (-1.882, -17.910)  (5.565, -17.127)  (12.050, -13.383)  (16.452, -7.325)
step= 12  t=12.000  (16.009, 0.000)  (14.625, 6.512)  (10.712, 11.897)  (4.947, 15.225)  (-1.673, 15.922)  (-8.005, 13.865)  (-12.948, 9.419)  (-15.659, 3.328)  (-15.660, -3.329)  (-12.952, -9.410)  (-8.005, -13.865)  (-1.673, -15.922)  (4.947, -15.226)  (10.712, -11.897)  (14.639, -6.495)
step= 13  t=13.000  (14.430, -0.004)  (12.793, 5.710)  (9.456, 10.461)  (4.369, 13.466)  (-1.478, 14.035)  (-7.918, 13.889)  (-11.569, 8.479)  (-13.721, 2.884)  (-13.828, -2.919)  (-11.341, -8.257)  (-7.034, -12.132)  (-1.477, -14.333)  (4.297, -13.401)  (9.506, -10.523)  (12.999, -5.708)
step= 14  t=14.000  (12.789, 0.150)  (10.992, 4.841)  (9.586, 9.669)  (3.804, 11.768)  (-1.320, 12.049)  (-7.268, 13.205)  (-10.043, 7.577)  (-11.759, 2.495)  (-12.031, -2.553)  (-9.760, -7.032)  (-6.016, -10.479)  (-1.405, -12.711)  (3.603, -11.526)  (8.315, -9.229)  (11.210, -4.814)
step= 15  t=15.000  (11.113, 0.243)  (9.151, 4.058)  (9.083, 8.512)  (3.302, 10.102)  (-1.181, 10.054)  (-6.476, 12.103)  (-8.527, 6.728)  (-9.783, 2.182)  (-10.266, -2.148)  (-8.231, -5.839)  (-4.980, -8.910)  (-1.211, -11.078)  (2.822, -9.787)  (7.147, -7.936)  (9.506, -3.900)
step= 16  t=16.000  (9.437, 0.479)  (7.279, 3.354)  (8.317, 7.365)  (2.834, 8.466)  (-1.037, 8.059)  (-5.708, 10.755)  (-6.988, 5.946)  (-7.796, 1.959)  (-8.597, -1.742)  (-6.691, -4.651)  (-3.862, -7.252)  (-1.142, -9.496)  (2.111, -8.116)  (5.950, -6.633)  (7.855, -2.936)
step= 17  t=17.000  (7.825, 0.819)  (5.435, 2.749)  (7.487, 6.176)  (2.398, 6.862)  (-0.872, 6.066)  (-4.985, 9.224)  (-5.363, 5.341)  (-5.857, 1.804)  (-6.972, -1.484)  (-5.217, -3.485)  (-2.778, -5.572)  (-0.869, -7.995)  (1.347, -6.494)  (4.767, -5.373)  (6.243, -1.935)
step= 18  t=18.000  (6.278, 1.244)  (3.643, 2.220)  (6.662, 4.994)  (1.961, 5.453)  (-0.667, 4.077)  (-4.245, 7.670)  (-3.651, 4.874)  (-3.943, 1.774)  (-5.577, -0.875)  (-3.767, -2.366)  (-1.710, -3.881)  (-0.737, -6.569)  (0.570, -4.960)  (3.628, -4.173)  (4.553, -0.999)
step= 19  t=19.000  (4.750, 1.772)  (1.891, 1.649)  (5.902, 3.861)  (1.504, 4.193)  (-0.401, 2.094)  (-3.597, 6.190)  (-1.850, 4.639)  (-2.127, 1.824)  (-4.069, -0.002)  (-2.415, -1.400)  (-0.686, -2.163)  (-0.792, -5.208)  (-0.142, -3.535)  (2.554, -3.123)  (2.818, -0.096)
step= 20  t=20.000  (3.382, 2.329)  (0.220, 1.127)  (5.209, 2.674)  (0.998, 3.144)  (-0.222, 0.102)  (-3.492, 4.902)  (-0.019, 4.595)  (-0.406, 1.790)  (-2.726, 0.955)  (-1.279, -0.551)  (0.542, -0.662)  (-1.048, -3.994)  (-0.855, -2.174)  (1.625, -2.233)  (1.150, 0.791)
step= 21  t=21.000  (2.616, 2.943)  (-1.267, 0.960)  (4.291, 1.038)  (0.424, 2.288)  (-0.176, -1.326)  (-3.720, 3.708)  (1.823, 4.765)  (1.368, 1.901)  (-1.948, 1.999)  (-0.382, -0.135)  (1.979, 0.729)  (-1.294, -3.325)  (-1.690, -1.268)  (0.936, -1.603)  (-0.478, 1.569)
step= 22  t=22.000  (2.117, 3.606)  (-3.264, 0.841)  (3.919, -0.495)  (-0.238, 1.536)  (0.477, -3.050)  (-4.419, 2.988)  (3.795, 5.102)  (2.549, 1.706)  (-1.056, 3.567)  (1.099, 0.342)  (3.588, 1.918)  (-1.643, -3.100)  (-2.389, -0.639)  (0.421, -1.201)  (-2.175, 2.263)
step= 23  t=23.000  (1.410, 3.928)  (-5.219, 0.420)  (2.653, -2.043)  (-0.793, 1.436)  (0.677, -5.040)  (-5.564, 2.569)  (5.665, 5.809)  (4.425, 1.013)  (-0.213, 5.175)  (2.013, 1.166)  (4.711, 3.572)  (-2.210, -2.843)  (-3.051, 0.548)  (0.331, -0.572)  (-3.563, 3.135)
step= 24  t=24.000  (0.438, 4.026)  (-6.984, -0.520)  (1.196, -3.413)  (-1.391, 1.329)  (0.878, -7.029)  (-6.389, 1.934)  (7.602, 6.309)  (6.356, 0.493)  (0.596, 6.734)  (3.529, 2.250)  (5.594, 5.367)  (-3.003, -2.373)  (-3.443, 2.418)  (0.273, 0.148)  (-5.222, 3.998)
step= 25  t=25.000  (-0.972, 4.143)  (-8.748, -1.460)  (-0.260, -4.784)  (-1.997, 1.028)  (1.079, -9.019)  (-6.854, 0.698)  (9.177, 6.047)  (8.287, -0.026)  (1.744, 7.649)  (5.138, 3.436)  (6.477, 7.161)  (-3.719, -1.661)  (-3.928, 4.358)  (0.212, 1.053)  (-7.084, 4.727)
step= 26  t=26.000  (-2.961, 3.932)  (-10.513, -2.400)  (-1.716, -6.154)  (-2.013, -0.314)  (1.279, -11.008)  (-6.914, -0.870)  (10.289, 5.290)  (10.218, -0.545)  (3.024, 8.014)  (6.748, 4.623)  (7.360, 8.955)  (-4.400, -0.897)  (-4.414, 6.298)  (-0.328, 2.268)  (-8.945, 5.457)
step= 27  t=27.000  (-4.949, 3.721)  (-12.277, -3.341)  (-3.172, -7.524)  (-2.176, -2.132)  (1.480, -12.996)  (-6.507, -2.808)  (11.353, 3.820)  (12.148, -1.064)  (4.824, 7.963)  (8.357, 5.810)  (8.243, 10.749)  (-4.674, 0.192)  (-4.899, 8.237)  (-1.715, 3.708)  (-10.807, 6.186)
step= 28  t=28.000  (-6.937, 3.510)  (-14.042, -4.281)  (-4.628, -8.894)  (-2.429, -3.776)  (1.680, -14.985)  (-6.164, -4.778)  (12.571, 2.235)  (14.079, -1.583)  (6.823, 7.984)  (9.966, 6.997)  (9.125, 12.542)  (-4.180, 2.016)  (-5.385, 10.177)  (-3.102, 5.149)  (-12.669, 6.915)
step= 29  t=29.000  (-8.926, 3.299)  (-15.806, -5.221)  (-6.084, -10.264)  (-2.898, -5.393)  (1.881, -16.974)  (-5.692, -6.721)  (13.790, 0.650)  (16.009, -2.102)  (8.822, 8.005)  (11.575, 8.183)  (10.008, 14.336)  (-3.748, 3.968)  (-5.871, 12.116)  (-4.488, 6.589)  (-14.530, 7.645)
step= 30  t=30.000  (-10.914, 3.088)  (-17.570, -6.161)  (-7.540, -11.634)  (-3.376, -7.016)  (2.082, -18.963)  (-5.193, -8.658)  (15.008, -0.935)  (17.939, -2.620)  (10.821, 8.025)  (13.184, 9.370)  (10.890, 16.129)  (-3.316, 5.920)  (-6.356, 14.056)  (-5.875, 8.029)  (-16.392, 8.374)
step= 31  t=31.000  (-12.902, 2.877)  (-19.334, -7.101)  (-8.995, -13.004)  (-3.868, -8.648)  (2.282, -20.952)  (-4.565, -10.557)  (16.226, -2.520)  (19.869, -3.139)  (12.820, 8.046)  (14.793, 10.556)  (11.773, 17.923)  (-2.884, 7.872)  (-6.841, 15.995)  (-7.262, 9.469)  (-18.253, 9.103)
step= 32  t=32.000  (-14.889, 2.666)  (-21.099, -8.041)  (-10.451, -14.374)  (-4.385, -10.351)  (2.483, -22.941)  (-3.887, -12.438)  (17.444, -4.105)  (21.799, -3.658)  (14.819, 8.066)  (16.402, 11.743)  (12.656, 19.716)  (-2.452, 9.823)  (-7.327, 17.933)  (-8.648, 10.909)  (-20.114, 9.833)
step= 33  t=33.000  (-16.877, 2.455)  (-22.863, -8.981)  (-11.907, -15.744)  (-4.939, -12.272)  (2.683, -24.930)  (-2.423, -13.799)  (18.662, -5.690)  (23.730, -4.177)  (16.817, 8.087)  (18.010, 12.929)  (13.538, 21.510)  (-2.020, 11.775)  (-7.812, 19.872)  (-10.035, 12.349)  (-21.975, 10.562)
step= 34  t=34.000  (-18.865, 2.244)  (-24.628, -9.921)  (-13.362, -17.113)  (-5.492, -14.193)  (2.884, -26.920)  (-0.959, -15.160)  (19.880, -7.274)  (25.660, -4.696)  (18.816, 8.107)  (19.619, 14.115)  (14.421, 23.303)  (-1.587, 13.727)  (-8.298, 21.811)  (-11.421, 13.789)  (-23.836, 11.291)
step= 35  t=35.000  (-20.853, 2.033)  (-26.392, -10.861)  (-14.818, -18.483)  (-6.045, -16.114)  (3.085, -28.909)  (0.505, -16.521)  (21.099, -8.859)  (27.591, -5.215)  (20.815, 8.128)  (21.228, 15.302)  (15.303, 25.097)  (-1.155, 15.678)  (-8.783, 23.750)  (-12.807, 15.229)  (-25.697, 12.020)
step= 36  t=36.000  (-22.841, 1.822)  (-28.156, -11.801)  (-16.274, -19.853)  (-6.598, -18.034)  (3.285, -30.898)  (1.970, -17.882)  (22.317, -10.444)  (29.521, -5.734)  (22.814, 8.149)  (22.837, 16.488)  (16.186, 26.891)  (-0.723, 17.630)  (-9.268, 25.689)  (-14.194, 16.669)  (-27.559, 12.750)
step= 37  t=37.000  (-24.829, 1.611)  (-29.921, -12.741)  (-17.730, -21.223)  (-7.151, -19.955)  (3.486, -32.887)  (3.434, -19.243)  (23.535, -12.029)  (31.451, -6.253)  (24.812, 8.169)  (24.446, 17.674)  (17.069, 28.685)  (-0.291, 19.582)  (-9.754, 27.629)  (-15.580, 18.109)  (-29.420, 13.479)
step= 38  t=38.000  (-26.817, 1.399)  (-31.685, -13.682)  (-19.186, -22.593)  (-7.705, -21.876)  (3.686, -34.876)  (4.898, -20.604)  (24.753, -13.614)  (33.382, -6.772)  (26.811, 8.190)  (26.054, 18.861)  (17.952, 30.478)  (0.141, 21.534)  (-10.239, 29.568)  (-16.967, 19.549)  (-31.282, 14.208)
step= 39  t=39.000  (-28.805, 1.188)  (-33.449, -14.622)  (-20.641, -23.963)  (-8.258, -23.797)  (3.887, -36.865)  (6.362, -21.965)  (25.971, -15.199)  (35.312, -7.291)  (28.810, 8.210)  (27.663, 20.047)  (18.834, 32.272)  (0.573, 23.486)  (-10.725, 31.508)  (-18.354, 20.990)  (-33.143, 14.938)
step= 40  t=40.000  (-30.793, 0.977)  (-35.214, -15.562)  (-22.097, -25.333)  (-8.811, -25.719)  (4.088, -38.854)  (7.827, -23.326)  (27.190, -16.784)  (37.243, -7.810)  (30.809, 8.231)  (29.272, 21.234)  (19.717, 34.066)  (1.006, 25.438)  (-11.210, 33.447)  (-19.740, 22.430)  (-35.005, 15.667)
step= 41  t=41.000  (-32.781, 0.766)  (-36.542, -16.269)  (-23.553, -26.703)  (-9.365, -27.640)  (4.181, -39.781)  (9.291, -24.687)  (28.408, -18.369)  (39.126, -8.317)  (32.809, 8.251)  (30.881, 22.420)  (20.000, 34.641)  (1.438, 27.390)  (-11.696, 35.386)  (-21.127, 23.870)  (-36.542, 16.269)
step= 42  t=42.000  (-34.769, 0.555)  (-36.542, -16.269)  (-25.009, -28.073)  (-9.918, -29.561)  (4.181, -39.781)  (10.755, -26.048)  (29.626, -19.954)  (39.126, -8.317)  (34.808, 8.272)  (32.360, 23.511)  (20.000, 34.641)  (1.870, 29.342)  (-12.181, 37.326)  (-22.514, 25.310)  (-36.542, 16.269)
step= 43  t=43.000  (-36.757, 0.344)  (-36.542, -16.269)  (-26.465, -29.443)  (-10.471, -31.482)  (4.181, -39.781)  (12.220, -27.409)  (30.845, -21.539)  (39.126, -8.317)  (36.807, 8.293)  (32.360, 23.511)  (20.000, 34.641)  (2.302, 31.294)  (-12.361, 38.042)  (-23.900, 26.750)  (-36.542, 16.269)
step= 44  t=44.000  (-38.745, 0.133)  (-36.542, -16.269)  (-26.765, -29.726)  (-11.025, -33.403)  (4.181, -39.781)  (13.684, -28.770)  (32.063, -23.124)  (39.126, -8.317)  (38.806, 8.313)  (32.360, 23.511)  (20.000, 34.641)  (2.734, 33.246)  (-12.361, 38.042)  (-25.287, 28.190)  (-36.542, 16.269)
step= 45  t=45.000  (-40.000, -0.000)  (-36.542, -16.269)  (-26.765, -29.726)  (-11.578, -35.324)  (4.181, -39.781)  (15.148, -30.131)  (32.361, -23.511)  (39.126, -8.317)  (39.126, 8.316)  (32.360, 23.511)  (20.000, 34.641)  (3.166, 35.198)  (-12.361, 38.042)  (-26.673, 29.631)  (-36.542, 16.269)
step= 46  t=46.000  (-40.000, -0.000)  (-36.542, -16.269)  (-26.765, -29.726)  (-12.131, -37.245)  (4.181, -39.781)  (16.613, -31.492)  (32.361, -23.511)  (39.126, -8.317)  (39.126, 8.316)  (32.360, 23.511)  (20.000, 34.641)  (3.599, 37.150)  (-12.361, 38.042)  (-26.765, 29.726)  (-36.542, 16.269)
step= 47  t=47.000  (-40.000, -0.000)  (-36.542, -16.269)  (-26.765, -29.726)  (-12.361, -38.042)  (4.181, -39.781)  (18.077, -32.854)  (32.361, -23.511)  (39.126, -8.317)  (39.126, 8.316)  (32.360, 23.511)  (20.000, 34.641)  (4.031, 39.102)  (-12.361, 38.042)  (-26.765, 29.726)  (-36.542, 16.269)
step= 48  t=48.000  (-40.000, -0.000)  (-36.542, -16.269)  (-26.765, -29.726)  (-12.361, -38.042)  (4.181, -39.781)  (19.541, -34.215)  (32.361, -23.511)  (39.126, -8.317)  (39.126, 8.316)  (32.360, 23.511)  (20.000, 34.641)  (4.181, 39.781)  (-12.361, 38.042)  (-26.765, 29.726)  (-36.542, 16.269)
step= 49  t=49.000  (-40.000, -0.000)  (-36.542, -16.269)  (-26.765, -29.726)  (-12.361, -38.042)  (4.181, -39.781)  (20.000, -34.641)  (32.361, -23.511)  (39.126, -8.317)  (39.126, 8.316)  (32.360, 23.511)  (20.000, 34.641)  (4.181, 39.781)  (-12.361, 38.042)  (-26.765, 29.726)  (-36.542, 16.269)
