Simulation has 15 agents and 0 obstacle vertices in it.
Running simulation
step= 0  t=0.000  (80.000, 0.000)  (73.084, 32.539)  (53.530, 59.452)  (24.721, 76.085)  (-8.362, 79.562)  (-40.000, 69.282)  (-64.721, 47.023)  (-78.252, 16.633)  (-78.252, -16.633)  (-64.721, -47.023)  (-40.000, -69.282)  (-8.362, -79.562)  (24.721, -76.085)  (53.530, -59.452)  (73.084, -32.539)
step= 1  t=1.000  (78.001, 0.000)  (71.257, 31.726)  (52.193, 57.966)  (24.104, 74.183)  (-8.153, 77.573)  (-39.000, 67.551)  (-63.104, 45.848)  (-76.296, 16.217)  (-76.296, -16.217)  (-63.104, -45.848)  (-39.000, -67.551)  (-8.153, -77.573)  (24.104, -74.183)  (52.193, -57.966)  (71.257, -31.726)
step= 2  t=2.000  (76.002, 0.000)  (69.431, 30.913)  (50.855, 56.480)  (23.486, 72.282)  (-7.944, 75.585)  (-38.001, 65.819)  (-61.487, 44.673)  (-74.341, 15.802)  (-74.341, -15.802)  (-61.487, -44.673)  (-38.001, -65.819)  (-7.944, -75.585)  (23.486, -72.282)  (50.855, -56.480)  (69.431, -30.913)
step= 3  t=3.000  (74.002, 0.000)  (67.605, 30.099)  (49.517, 54.994)  (22.868, 70.380)  (-7.735, 73.597)  (-37.001, 64.088)  (-59.869, 43.497)  (-72.385, 15.386)  (-72.385, -15.386)  (-59.869, -43.498)  (-37.001, -64.088)  (-7.735, -73.597)  (22.868, -70.380)  (49.517, -54.994)  (67.605, -30.099)
step= 4  t=4.000  (72.003, 0.000)  (65.778, 29.286)  (48.180, 53.509)  (22.250, 68.479)  (-7.526, 71.609)  (-36.002, 62.357)  (-58.252, 42.322)  (-70.430, 14.970)  (-70.430, -14.970)  (-58.252, -42.322)  (-36.002, -62.357)  (-7.526, -71.609)  (22.250, -68.479)  (48.180, -53.509)  (65.778, -29.286)
step= 5  t=5.000  (70.004, 0.000)  (63.952, 28.473)  (46.842, 52.023)  (21.632, 66.578)  (-7.317, 69.620)  (-35.002, 60.625)  (-56.634, 41.147)  (-68.474, 14.555)  (-68.474, -14.555)  (-56.634, -41.147)  (-35.002, -60.625)  (-7.317, -69.620)  (21.632, -66.578)  (46.842, -52.023)  (63.952, -28.473)
step= 6  t=6.000  (68.005, 0.000)  (62.125, 27.660)  (45.504, 50.537)  (21.015, 64.676)  (-7.108, 67.632)  (-34.002, 58.894)  (-55.017, 39.972)  (-66.519, 14.139)  (-66.519, -14.139)  (-55.017, -39.972)  (-34.002, -58.894)  (-7.108, -67.632)  (21.015, -64.676)  (45.504, -50.537)  (62.125, -27.660)
step= 7  t=7.000  (66.006, 0.000)  (60.299, 26.847)  (44.166, 49.052)  (20.397, 62.775)  (-6.899, 65.644)  (-33.003, 57.162)  (-53.400, 38.797)  (-64.563, 13.723)  (-64.563, -13.723)  (-53.400, -38.797)  (-33.003, -57.162)  (-6.899, -65.644)  (20.397, -62.775)  (44.166, -49.052)  (60.299, -26.847)
step= 8  t=8.000  (64.006, 0.000)  (58.473, 26.034)  (42.829, 47.566)  (19.779, 60.874)  (-6.690, 63.656)  (-32.003, 55.431)  (-51.782, 37.622)  (-62.608, 13.308)  (-62.608, -13.308)  (-51.782, -37.622)  (-32.003, -55.431)  (-6.690, -63.656)  (19.779, -60.874)  (42.829, -47.566)  (58.473, -26.034)
step= 9  t=9.000  (62.007, 0.000)  (56.646, 25.221)  (41.491, 46.080)  (19.161, 58.972)  (-6.482, 61.667)  (-31.004, 53.700)  (-50.165, 36.447)  (-60.652, 12.892)  (-60.652, -12.892)  (-50.165, -36.447)  (-31.004, -53.700)  (-6.482, -61.667)  (19.161, -58.972)  (41.491, -46.080)  (56.646, -25.221)
step= 10  t=10.000  (60.008, 0.000)  (54.820, 24.407)  (40.153, 44.595)  (18.543, 57.071)  (-6.273, 59.679)  (-30.004, 51.968)  (-48.547, 35.272)  (-58.697, 12.476)  (-58.697, -12.476)  (-48.547, -35.272)  (-30.004, -51.968)  (-6.273, -59.679)  (18.543, -57.071)  (40.153, -44.595)  (54.820, -24.407)
step= 11  t=11.000  (58.009, 0.000)  (52.994, 23.594)  (38.815, 43.109)  (17.926, 55.170)  (-6.064, 57.691)  (-29.004, 50.237)  (-46.930, 34.097)  (-56.741, 12.061)  (-56.741, -12.061)  (-46.930, -34.097)  (-29.004, -50.237)  (-6.064, -57.691)  (17.926, -55.170)  (38.815, -43.109)  (52.994, -23.594)
step= 12  t=12.000  (56.009, 0.000)  (51.167, 22.781)  (37.478, 41.623)  (17.308, 53.268)  (-5.855, 55.703)  (-28.005, 48.506)  (-45.313, 32.922)  (-54.786, 11.645)  (-54.786, -11.645)  (-45.313, -32.922)  (-28.005, -48.506)  (-5.855, -55.703)  (17.308, -53.268)  (37.478, -41.623)  (51.167, -22.781)
step= 13  t=13.000  (54.010, 0.000)  (49.341, 21.968)  (36.140, 40.137)  (16.690, 51.367)  (-5.646, 53.714)  (-27.005, 46.774)  (-43.695, 31.746)  (-52.830, 11.229)  (-52.830, -11.229)  (-43.695, -31.746)  (-27.005, -46.774)  (-5.646, -53.714)  (16.690, -51.367)  (36.140, -40.137)  (49.341, -21.968)
step= 14  t=14.000  (52.011, 0.000)  (47.514, 21.155)  (34.802, 38.652)  (16.072, 49.465)  (-5.437, 51.726)  (-26.006, 45.043)  (-42.078, 30.571)  (-50.874, 10.814)  (-50.874, -10.814)  (-42.078, -30.571)  (-26.006, -45.043)  (-5.437, -51.726)  (16.072, -49.465)  (34.802, -38.652)  (47.514, -21.155)
step= 15  t=15.000  (50.012, 0.000)  (45.688, 20.342)  (33.464, 37.166)  (15.455, 47.564)  (-5.228, 49.738)  (-25.006, 43.312)  (-40.460, 29.396)  (-48.919, 10.398)  (-48.919, -10.398)  (-40.460, -29.396)  (-25.006, -43.312)  (-5.228, -49.738)  (15.455, -47.564)  (33.464, -37.166)  (45.688, -20.342)
step= 16  t=16.000  (48.013, 0.000)  (43.862, 19.528)  (32.127, 35.680)  (14.837, 45.663)  (-5.019, 47.750)  (-24.006, 41.580)  (-38.843, 28.221)  (-46.963, 9.982)  (-46.963, -9.982)  (-38.843, -28.221)  (-24.006, -41.580)  (-5.019, -47.750)  (14.837, -45.663)  (32.127, -35.680)  (43.862, -19.528)
step= 17  t=17.000  (46.013, 0.000)  (42.035, 18.715)  (30.789, 34.195)  (14.219, 43.761)  (-4.810, 45.761)  (-23.007, 39.849)  (-37.226, 27.046)  (-45.008, 9.567)  (-45.008, -9.567)  (-37.226, -27.046)  (-23.007, -39.849)  (-4.810, -45.761)  (14.219, -43.761)  (30.789, -34.195)  (42.035, -18.715)
step= 18  t=18.000  (44.014, 0.000)  (40.209, 17.902)  (29.451, 32.709)  (13.601, 41.860)  (-4.601, 43.773)  (-22.007, 38.117)  (-35.608, 25.871)  (-43.052, 9.151)  (-43.052, -9.151)  (-35.608, -25.871)  (-22.007, -38.117)  (-4.601, -43.773)  (13.601, -41.860)  (29.451, -32.709)  (40.209, -17.902)
step= 19  t=19.000  (42.015, 0.000)  (38.383, 17.089)  (28.114, 31.223)  (12.983, 39.959)  (-4.392, 41.785)  (-21.007, 36.386)  (-33.991, 24.696)  (-41.097, 8.735)  (-41.097, -8.735)  (-33.991, -24.696)  (-21.007, -36.386)  (-4.392, -41.785)  (12.983, -39.959)  (28.114, -31.223)  (38.383, -17.089)
step= 20  t=20.000  (40.016, 0.000)  (36.556, 16.276)  (26.776, 29.738)  (12.366, 38.057)  (-4.183, 39.797)  (-20.008, 34.655)  (-32.373, 23.521)  (-39.141, 8.320)  (-39.141, -8.320)  (-32.373, -23.521)  (-20.008, -34.655)  (-4.183, -39.797)  (12.366, -38.057)  (26.776, -29.738)  (36.556, -16.276)
step= 21  t=21.000  (38.017, 0.000)  (34.730, 15.463)  (25.438, 28.252)  (11.748, 36.156)  (-3.974, 37.808)  (-19.008, 32.923)  (-30.756, 22.346)  (-37.186, 7.904)  (-37.186, -7.904)  (-30.756, -22.346)  (-19.008, -32.923)  (-3.974, -37.808)  (11.748, -36.156)  (25.438, -28.252)  (34.730, -15.463)
step= 22  t=22.000  (36.017, 0.000)  (32.903, 14.650)  (24.100, 26.766)  (11.130, 34.255)  (-3.765, 35.820)  (-18.009, 31.192)  (-29.139, 21.170)  (-35.230, 7.488)  (-35.230, -7.488)  (-29.139, -21.170)  (-18.009, -31.192)  (-3.765, -35.820)  (11.130, -34.255)  (24.100, -26.766)  (32.904, -14.650)
step= 23  t=23.000  (34.018, 0.000)  (31.077, 13.836)  (22.763, 25.280)  (10.512, 32.353)  (-3.556, 33.832)  (-17.009, 29.461)  (-27.521, 19.995)  (-33.275, 7.073)  (-33.275, -7.073)  (-27.521, -19.995)  (-17.009, -29.461)  (-3.556, -33.832)  (10.512, -32.353)  (22.763, -25.280)  (31.077, -13.836)
step= 24  t=24.000  (32.019, 0.000)  (29.251, 13.023)  (21.425, 23.795)  (9.894, 30.452)  (-3.347, 31.844)  (-16.009, 27.729)  (-25.904, 18.820)  (-31.319, 6.657)  (-31.319, -6.657)  (-25.904, -18.820)  (-16.009, -27.729)  (-3.347, -31.844)  (9.894, -30.452)  (21.425, -23.795)  (29.251, -13.023)
step= 25  t=25.000  (30.020, 0.000)  (27.424, 12.210)  (20.087, 22.309)  (9.277, 28.550)  (-3.138, 29.855)  (-15.010, 25.998)  (-24.286, 17.645)  (-29.364, 6.241)  (-29.364, -6.241)  (-24.286, -17.645)  (-15.010, -25.998)  (-3.138, -29.855)  (9.277, -28.550)  (20.087, -22.309)  (27.424, -12.210)
step= 26  t=26.000  (28.021, 0.000)  (25.598, 11.397)  (18.749, 20.823)  (8.659, 26.649)  (-2.929, 27.867)  (-14.010, 24.266)  (-22.669, 16.470)  (-27.408, 5.826)  (-27.408, -5.826)  (-22.669, -16.470)  (-14.010, -24.266)  (-2.929, -27.867)  (8.659, -26.649)  (18.749, -20.823)  (25.598, -11.397)
step= 27  t=27.000  (26.021, 0.000)  (23.772, 10.584)  (17.412, 19.338)  (8.041, 24.748)  (-2.720, 25.879)  (-13.011, 22.535)  (-21.052, 15.295)  (-25.453, 5.410)  (-25.453, -5.410)  (-21.052, -15.295)  (-13.011, -22.535)  (-2.720, -25.879)  (8.041, -24.748)  (17.412, -19.338)  (23.772, -10.584)
step= 28  t=28.000  (24.022, 0.000)  (21.945, 9.771)  (16.074, 17.852)  (7.423, 22.846)  (-2.511, 23.891)  (-12.011, 20.804)  (-19.434, 14.120)  (-23.497, 4.994)  (-23.497, -4.994)  (-19.434, -14.120)  (-12.011, -20.804)  (-2.511, -23.890)  (7.423, -22.846)  (16.074, -17.852)  (21.945, -9.771)
step= 29  t=29.000  (22.022, -0.000)  (20.119, 8.957)  (14.736, 16.366)  (6.805, 20.944)  (-2.302, 21.902)  (-11.011, 19.072)  (-17.816, 12.944)  (-21.541, 4.579)  (-21.541, -4.579)  (-17.816, -12.944)  (-11.011, -19.072)  (-2.302, -21.902)  (6.805, -20.944)  (14.736, -16.366)  (20.118, -8.957)
step= 30  t=30.000  (20.023, -0.000)  (18.292, 8.144)  (13.398, 14.880)  (6.187, 19.042)  (-2.093, 19.913)  (-10.011, 17.340)  (-16.198, 11.769)  (-19.585, 4.163)  (-19.585, -4.163)  (-16.198, -11.769)  (-10.011, -17.340)  (-2.093, -19.913)  (6.187, -19.042)  (13.398, -14.880)  (18.291, -8.144)
step= 31  t=31.000  (18.023, -0.000)  (16.465, 7.331)  (12.060, 13.393)  (5.569, 17.140)  (-1.884, 17.924)  (-9.011, 15.608)  (-14.580, 10.593)  (-17.629, 3.747)  (-17.629, -3.747)  (-14.581, -10.593)  (-9.011, -15.608)  (-1.884, -17.924)  (5.569, -17.140)  (12.060, -13.393)  (16.465, -7.331)
step= 32  t=32.000  (16.137, -0.004)  (14.638, 6.517)  (10.713, 11.942)  (4.955, 15.316)  (-1.670, 15.984)  (-8.003, 13.893)  (-13.026, 9.470)  (-15.728, 3.343)  (-15.674, -3.339)  (-12.967, -9.412)  (-7.989, -13.906)  (-1.693, -15.933)  (4.936, -15.273)  (10.717, -11.947)  (14.650, -6.502)
step= 33  t=33.000  (14.322, -0.001)  (12.898, 5.759)  (9.424, 10.582)  (4.360, 13.602)  (-1.473, 14.053)  (-6.992, 12.167)  (-11.512, 8.399)  (-13.858, 2.942)  (-13.784, -2.957)  (-11.343, -8.244)  (-7.102, -12.435)  (-1.502, -13.942)  (4.286, -13.458)  (9.470, -10.612)  (12.834, -5.664)
step= 34  t=34.000  (12.588, -0.039)  (11.160, 5.012)  (8.154, 9.243)  (3.747, 12.354)  (-1.277, 12.159)  (-5.999, 10.431)  (-12.028, 10.332)  (-11.973, 2.554)  (-13.839, -3.782)  (-9.668, -7.152)  (-6.262, -10.976)  (-1.419, -11.944)  (3.654, -11.654)  (8.294, -9.329)  (11.018, -4.827)
step= 35  t=35.000  (10.900, -0.101)  (9.430, 4.248)  (6.865, 7.934)  (3.136, 11.029)  (-1.131, 10.300)  (-4.986, 8.706)  (-11.446, 10.691)  (-11.279, 1.880)  (-12.904, -4.045)  (-8.066, -6.012)  (-5.511, -9.543)  (-1.264, -9.985)  (3.012, -9.884)  (7.191, -8.048)  (9.176, -4.048)
step= 36  t=36.000  (10.118, 1.266)  (7.722, 3.433)  (5.478, 6.783)  (2.555, 9.668)  (-1.788, 8.694)  (-4.195, 6.870)  (-10.204, 10.072)  (-10.146, 1.396)  (-11.430, -4.323)  (-7.103, -4.501)  (-4.782, -8.186)  (-1.054, -8.054)  (2.360, -8.194)  (5.942, -7.089)  (7.349, -3.253)
step= 37  t=37.000  (8.886, 1.931)  (6.210, 2.484)  (4.075, 5.687)  (2.102, 8.314)  (-2.412, 7.078)  (-3.355, 5.054)  (-8.633, 9.124)  (-8.980, 0.860)  (-9.783, -4.425)  (-6.184, -2.914)  (-3.931, -6.966)  (-1.031, -6.228)  (1.738, -6.576)  (4.934, -5.928)  (5.568, -2.439)
step= 38  t=38.000  (7.542, 2.368)  (4.655, 1.709)  (2.634, 4.792)  (1.665, 7.014)  (-3.083, 5.476)  (-2.659, 3.179)  (-7.045, 7.909)  (-7.780, 0.306)  (-8.015, -4.373)  (-5.188, -1.305)  (-3.010, -5.940)  (-1.290, -4.567)  (1.119, -5.045)  (4.178, -4.646)  (3.815, -1.612)
step= 39  t=39.000  (6.198, 2.841)  (3.242, 1.132)  (1.176, 4.021)  (1.486, 5.723)  (-3.924, 4.051)  (-2.033, 1.561)  (-5.744, 8.130)  (-6.527, -0.206)  (-6.851, -5.344)  (-4.165, 0.149)  (-2.103, -5.282)  (-1.784, -3.041)  (0.521, -3.374)  (3.787, -3.427)  (2.087, -0.774)
step= 40  t=40.000  (4.891, 3.209)  (2.033, 0.618)  (-0.283, 3.266)  (1.226, 4.644)  (-4.776, 2.765)  (-1.592, 0.265)  (-4.564, 8.985)  (-5.299, -0.883)  (-5.649, -6.266)  (-3.198, 1.717)  (-0.854, -4.436)  (-2.441, -1.731)  (0.008, -1.593)  (3.472, -2.029)  (0.371, 0.062)
step= 41  t=41.000  (3.675, 3.630)  (1.086, 0.124)  (-1.223, 3.503)  (0.987, 3.588)  (-5.431, 0.876)  (-1.420, -0.701)  (-3.331, 9.819)  (-4.409, -1.696)  (-3.812, -7.055)  (-2.859, 3.240)  (0.440, -3.302)  (-3.111, -0.649)  (-0.362, -0.575)  (3.156, -0.544)  (-1.349, 0.924)
step= 42  t=42.000  (2.366, 4.151)  (0.443, -0.453)  (-2.019, 3.441)  (0.766, 2.761)  (-5.846, -1.081)  (-1.161, -1.626)  (-1.372, 9.415)  (-3.264, -2.886)  (-1.812, -7.000)  (-2.660, 5.230)  (1.791, -1.949)  (-3.965, 0.037)  (-1.125, 0.365)  (2.840, 0.953)  (-3.057, 1.965)
step= 43  t=43.000  (0.923, 4.856)  (-0.422, -0.702)  (-2.886, 3.653)  (0.488, 1.902)  (-5.492, -3.049)  (-1.164, -2.474)  (0.508, 8.731)  (-1.874, -4.308)  (0.105, -6.434)  (-1.816, 6.964)  (3.143, -0.544)  (-4.862, 0.800)  (-1.750, 1.118)  (2.554, 2.437)  (-4.809, 2.928)
step= 44  t=44.000  (-0.687, 5.476)  (-2.255, -1.089)  (-3.749, 4.044)  (0.196, 0.904)  (-5.136, -5.017)  (-0.389, -3.289)  (2.078, 9.132)  (-0.292, -5.437)  (2.024, -5.868)  (-0.398, 8.154)  (4.715, 0.085)  (-5.809, 1.728)  (-2.038, 2.202)  (1.749, 3.765)  (-6.644, 3.724)
step= 45  t=45.000  (-2.253, 6.102)  (-4.083, -1.900)  (-4.581, 3.692)  (-0.400, -0.824)  (-4.779, -6.984)  (0.378, -4.379)  (3.244, 8.974)  (1.557, -6.144)  (3.941, -5.302)  (1.136, 9.245)  (5.940, 1.070)  (-6.767, 2.595)  (-2.479, 3.324)  (0.449, 5.209)  (-8.478, 4.519)
step= 46  t=46.000  (-3.784, 6.741)  (-5.910, -2.712)  (-5.456, 2.625)  (-1.015, -2.726)  (-4.423, -8.952)  (1.154, -5.887)  (4.119, 7.831)  (3.538, -6.415)  (5.859, -4.735)  (2.728, 10.331)  (7.303, 2.534)  (-7.647, 3.364)  (-3.000, 4.530)  (-0.961, 6.626)  (-10.313, 5.315)
step= 47  t=47.000  (-5.622, 7.428)  (-7.738, -3.523)  (-6.545, 1.121)  (-1.630, -4.629)  (-4.067, -10.920)  (2.199, -7.592)  (5.510, 6.469)  (5.519, -6.686)  (7.777, -4.169)  (4.449, 11.350)  (8.301, 4.129)  (-8.026, 4.050)  (-3.551, 5.798)  (-2.372, 8.043)  (-12.148, 6.111)
step= 48  t=48.000  (-7.597, 7.742)  (-9.565, -4.335)  (-7.770, -0.459)  (-2.245, -6.532)  (-3.710, -12.888)  (3.244, -9.297)  (6.993, 5.129)  (7.501, -6.957)  (9.695, -3.603)  (6.169, 12.368)  (9.162, 5.848)  (-8.286, 4.981)  (-4.029, 7.166)  (-3.782, 9.461)  (-13.982, 6.906)
step= 49  t=49.000  (-9.591, 7.888)  (-11.393, -5.146)  (-8.996, -2.039)  (-2.859, -8.435)  (-3.354, -14.856)  (4.288, -11.003)  (8.477, 3.789)  (9.482, -7.228)  (11.613, -3.037)  (7.890, 13.386)  (10.024, 7.636)  (-8.351, 6.056)  (-4.447, 8.726)  (-5.193, 10.878)  (-15.817, 7.702)
step= 50  t=50.000  (-11.579, 7.666)  (-13.221, -5.958)  (-10.221, -3.619)  (-3.474, -10.338)  (-2.998, -16.823)  (5.333, -12.708)  (9.961, 2.448)  (11.463, -7.499)  (13.531, -2.471)  (9.611, 14.405)  (10.898, 9.435)  (-8.205, 7.328)  (-4.972, 10.594)  (-6.603, 12.296)  (-17.652, 8.498)
step= 51  t=51.000  (-13.566, 7.443)  (-15.048, -6.769)  (-11.447, -5.199)  (-4.089, -12.241)  (-2.641, -18.791)  (6.378, -14.413)  (11.445, 1.108)  (13.445, -7.770)  (15.449, -1.905)  (11.331, 15.423)  (11.773, 11.233)  (-7.727, 8.980)  (-5.550, 12.509)  (-8.014, 13.713)  (-19.486, 9.293)
step= 52  t=52.000  (-15.553, 7.221)  (-16.876, -7.581)  (-12.673, -6.779)  (-4.704, -14.144)  (-2.285, -20.759)  (7.423, -16.118)  (12.929, -0.233)  (15.426, -8.041)  (17.367, -1.339)  (13.052, 16.441)  (12.647, 13.030)  (-7.283, 10.930)  (-6.127, 14.423)  (-9.425, 15.131)  (-21.321, 10.089)
step= 53  t=53.000  (-17.540, 6.998)  (-18.704, -8.392)  (-13.899, -8.359)  (-5.319, -16.046)  (-1.929, -22.727)  (8.467, -17.822)  (14.413, -1.574)  (17.407, -8.312)  (19.285, -0.772)  (14.772, 17.459)  (13.521, 14.828)  (-6.839, 12.879)  (-6.704, 16.338)  (-10.835, 16.548)  (-23.156, 10.885)
step= 54  t=54.000  (-19.528, 6.775)  (-20.531, -9.204)  (-15.124, -9.940)  (-5.934, -17.949)  (-1.573, -24.695)  (9.512, -19.527)  (15.897, -2.914)  (19.389, -8.583)  (21.203, -0.206)  (16.492, 18.478)  (14.395, 16.625)  (-6.394, 14.829)  (-7.282, 18.253)  (-12.246, 17.966)  (-24.990, 11.681)
step= 55  t=55.000  (-21.515, 6.553)  (-22.359, -10.016)  (-16.350, -11.520)  (-6.549, -19.852)  (-1.216, -26.662)  (10.556, -21.232)  (17.380, -4.255)  (21.370, -8.854)  (23.121, 0.360)  (18.212, 19.496)  (15.269, 18.423)  (-5.950, 16.779)  (-7.859, 20.167)  (-13.656, 19.383)  (-26.825, 12.476)
step= 56  t=56.000  (-23.502, 6.330)  (-24.187, -10.827)  (-17.576, -13.100)  (-7.164, -21.755)  (-0.860, -28.630)  (11.601, -22.936)  (18.864, -5.595)  (23.351, -9.125)  (25.039, 0.926)  (19.933, 20.514)  (16.144, 20.221)  (-5.505, 18.728)  (-8.437, 22.082)  (-15.067, 20.801)  (-28.659, 13.272)
step= 57  t=57.000  (-25.490, 6.107)  (-26.014, -11.639)  (-18.801, -14.680)  (-7.779, -23.658)  (-0.504, -30.598)  (12.646, -24.641)  (20.348, -6.935)  (25.333, -9.396)  (26.956, 1.492)  (21.654, 21.533)  (17.018, 22.020)  (-5.061, 20.678)  (-9.014, 23.997)  (-16.478, 22.218)  (-30.494, 14.068)
step= 58  t=58.000  (-27.477, 5.885)  (-27.842, -12.450)  (-20.027, -16.260)  (-8.394, -25.560)  (-0.147, -32.565)  (13.690, -26.346)  (21.832, -8.276)  (27.314, -9.667)  (28.874, 2.058)  (23.375, 22.551)  (17.893, 23.818)  (-4.616, 22.628)  (-9.591, 25.911)  (-17.888, 23.635)  (-32.329, 14.863)
step= 59  t=59.000  (-29.464, 5.662)  (-29.670, -13.262)  (-21.253, -17.840)  (-9.009, -27.463)  (0.209, -34.532)  (14.735, -28.050)  (23.316, -9.617)  (29.295, -9.938)  (30.791, 2.624)  (25.096, 23.570)  (18.767, 25.616)  (-4.172, 24.577)  (-10.169, 27.826)  (-19.299, 25.053)  (-34.163, 15.659)
step= 60  t=60.000  (-31.451, 5.439)  (-31.497, -14.073)  (-22.478, -19.420)  (-9.623, -29.365)  (0.565, -36.499)  (15.779, -29.755)  (24.800, -10.957)  (31.277, -10.209)  (32.709, 3.190)  (26.817, 24.588)  (19.642, 27.415)  (-3.727, 26.527)  (-10.746, 29.741)  (-20.709, 26.470)  (-35.997, 16.454)
step= 61  t=61.000  (-33.438, 5.217)  (-33.324, -14.884)  (-23.704, -21.000)  (-10.238, -31.267)  (0.921, -38.467)  (16.824, -31.459)  (26.283, -12.298)  (33.258, -10.480)  (34.626, 3.756)  (28.538, 25.607)  (20.516, 29.213)  (-3.283, 28.477)  (-11.323, 31.655)  (-22.119, 27.887)  (-37.831, 17.250)
step= 62  t=62.000  (-35.424, 4.994)  (-35.151, -15.696)  (-24.929, -22.580)  (-10.853, -33.170)  (1.277, -40.434)  (17.868, -33.164)  (27.767, -13.638)  (35.239, -10.751)  (36.544, 4.322)  (30.258, 26.625)  (21.391, 31.012)  (-2.839, 30.427)  (-11.901, 33.570)  (-23.530, 29.305)  (-39.665, 18.045)
step= 63  t=63.000  (-37.411, 4.772)  (-36.979, -16.507)  (-26.154, -24.159)  (-11.468, -35.072)  (1.634, -42.401)  (18.913, -34.869)  (29.251, -14.979)  (37.221, -11.021)  (38.461, 4.888)  (31.979, 27.644)  (22.265, 32.810)  (-2.394, 32.376)  (-12.478, 35.484)  (-24.940, 30.722)  (-41.499, 18.841)
step= 64  t=64.000  (-39.398, 4.549)  (-38.806, -17.318)  (-27.380, -25.739)  (-12.082, -36.974)  (1.990, -44.368)  (19.957, -36.573)  (30.735, -16.319)  (39.202, -11.292)  (40.378, 5.454)  (33.700, 28.662)  (23.139, 34.608)  (-1.950, 34.326)  (-13.055, 37.399)  (-26.350, 32.139)  (-43.334, 19.636)
step= 65  t=65.000  (-41.385, 4.326)  (-40.633, -18.130)  (-28.605, -27.319)  (-12.697, -38.877)  (2.346, -46.335)  (21.002, -38.278)  (32.219, -17.660)  (41.183, -11.563)  (42.296, 6.020)  (35.420, 29.681)  (24.014, 36.406)  (-1.505, 36.275)  (-13.633, 39.313)  (-27.760, 33.556)  (-45.168, 20.432)
step= 66  t=66.000  (-43.371, 4.104)  (-42.460, -18.941)  (-29.830, -28.898)  (-13.312, -40.779)  (2.702, -48.303)  (22.046, -39.983)  (33.703, -19.000)  (43.164, -11.834)  (44.213, 6.586)  (37.141, 30.699)  (24.888, 38.204)  (-1.061, 38.224)  (-14.210, 41.227)  (-29.171, 34.973)  (-47.002, 21.227)
step= 67  t=67.000  (-45.358, 3.881)  (-44.287, -19.752)  (-31.056, -30.478)  (-13.927, -42.681)  (3.058, -50.270)  (23.091, -41.687)  (35.186, -20.340)  (45.145, -12.105)  (46.131, 7.152)  (38.861, 31.717)  (25.762, 40.002)  (-0.617, 40.173)  (-14.787, 43.141)  (-30.581, 36.390)  (-48.836, 22.023)
step= 68  t=68.000  (-47.345, 3.659)  (-46.115, -20.564)  (-32.281, -32.058)  (-14.541, -44.584)  (3.415, -52.237)  (24.135, -43.392)  (36.670, -21.681)  (47.125, -12.376)  (48.048, 7.718)  (40.582, 32.735)  (26.636, 41.800)  (-0.172, 42.123)  (-15.364, 45.055)  (-31.991, 37.807)  (-50.670, 22.818)
step= 69  t=69.000  (-49.332, 3.436)  (-47.942, -21.375)  (-33.506, -33.637)  (-15.156, -46.486)  (3.771, -54.204)  (25.180, -45.097)  (38.153, -23.021)  (49.106, -12.647)  (49.965, 8.284)  (42.302, 33.754)  (27.511, 43.598)  (0.272, 44.072)  (-15.941, 46.969)  (-33.401, 39.224)  (-52.504, 23.614)
step= 70  t=70.000  (-51.319, 3.213)  (-49.769, -22.186)  (-34.732, -35.217)  (-15.771, -48.388)  (4.127, -56.172)  (26.225, -46.801)  (39.637, -24.361)  (51.087, -12.918)  (51.883, 8.850)  (44.023, 34.772)  (28.385, 45.395)  (0.716, 46.021)  (-16.519, 48.883)  (-34.811, 40.641)  (-54.338, 24.409)
step= 71  t=71.000  (-53.305, 2.991)  (-51.596, -22.998)  (-35.957, -36.797)  (-16.386, -50.291)  (4.483, -58.139)  (27.269, -48.506)  (41.120, -25.701)  (53.068, -13.189)  (53.800, 9.416)  (45.743, 35.790)  (29.259, 47.193)  (1.161, 47.970)  (-17.096, 50.797)  (-36.222, 42.058)  (-56.172, 25.204)
step= 72  t=72.000  (-55.292, 2.768)  (-53.423, -23.809)  (-37.182, -38.376)  (-17.001, -52.193)  (4.839, -60.106)  (28.314, -50.210)  (42.604, -27.041)  (55.049, -13.460)  (55.718, 9.981)  (47.463, 36.808)  (30.133, 48.991)  (1.605, 49.919)  (-17.673, 52.711)  (-37.632, 43.475)  (-58.007, 26.000)
step= 73  t=73.000  (-57.279, 2.546)  (-55.250, -24.620)  (-38.408, -39.956)  (-17.615, -54.095)  (5.196, -62.073)  (29.358, -51.915)  (44.087, -28.382)  (57.029, -13.731)  (57.635, 10.547)  (49.184, 37.827)  (31.008, 50.789)  (2.049, 51.869)  (-18.250, 54.625)  (-39.042, 44.892)  (-59.841, 26.795)
step= 74  t=74.000  (-59.266, 2.323)  (-57.078, -25.432)  (-39.633, -41.536)  (-18.230, -55.998)  (5.552, -64.040)  (30.403, -53.620)  (45.570, -29.722)  (59.010, -14.001)  (59.553, 11.113)  (50.904, 38.845)  (31.882, 52.587)  (2.494, 53.818)  (-18.827, 56.539)  (-40.452, 46.310)  (-61.675, 27.591)
step= 75  t=75.000  (-61.252, 2.100)  (-58.905, -26.243)  (-40.859, -43.115)  (-18.845, -57.900)  (5.908, -66.008)  (31.447, -55.324)  (47.054, -31.062)  (60.991, -14.272)  (61.470, 11.679)  (52.625, 39.863)  (32.756, 54.385)  (2.938, 55.767)  (-19.405, 58.453)  (-41.862, 47.727)  (-63.509, 28.386)
step= 76  t=76.000  (-63.239, 1.878)  (-60.732, -27.054)  (-42.084, -44.695)  (-19.460, -59.803)  (6.264, -67.975)  (32.492, -57.029)  (48.537, -32.402)  (62.972, -14.543)  (63.387, 12.245)  (54.345, 40.882)  (33.630, 56.183)  (3.382, 57.716)  (-19.982, 60.367)  (-43.273, 49.144)  (-65.343, 29.182)
step= 77  t=77.000  (-65.226, 1.655)  (-62.559, -27.866)  (-43.309, -46.275)  (-20.074, -61.705)  (6.620, -69.942)  (33.536, -58.734)  (50.021, -33.742)  (64.952, -14.814)  (65.305, 12.811)  (56.066, 41.900)  (34.505, 57.981)  (3.827, 59.665)  (-20.559, 62.281)  (-44.683, 50.561)  (-67.177, 29.977)
step= 78  t=78.000  (-67.213, 1.433)  (-64.386, -28.677)  (-44.535, -47.854)  (-20.689, -63.607)  (6.977, -71.909)  (34.581, -60.438)  (51.504, -35.083)  (66.933, -15.085)  (67.222, 13.377)  (57.786, 42.918)  (35.379, 59.779)  (4.271, 61.615)  (-21.136, 64.196)  (-46.093, 51.978)  (-69.011, 30.773)
step= 79  t=79.000  (-69.200, 1.210)  (-66.214, -29.488)  (-45.760, -49.434)  (-21.304, -65.510)  (7.333, -73.877)  (35.625, -62.143)  (52.988, -36.423)  (68.914, -15.356)  (69.140, 13.943)  (59.507, 43.936)  (36.253, 61.577)  (4.715, 63.564)  (-21.713, 66.110)  (-47.503, 53.395)  (-70.846, 31.568)
step= 80  t=80.000  (-71.186, 0.987)  (-68.041, -30.300)  (-46.985, -51.014)  (-21.919, -67.412)  (7.689, -75.844)  (36.670, -63.848)  (54.471, -37.763)  (70.895, -15.627)  (71.057, 14.509)  (61.227, 44.955)  (37.127, 63.375)  (5.160, 65.513)  (-22.291, 68.024)  (-48.914, 54.812)  (-72.680, 32.364)
step= 81  t=81.000  (-73.173, 0.765)  (-69.868, -31.111)  (-48.211, -52.593)  (-22.533, -69.314)  (8.045, -77.811)  (37.714, -65.552)  (55.955, -39.103)  (72.876, -15.898)  (72.975, 15.075)  (62.947, 45.973)  (38.002, 65.173)  (5.604, 67.462)  (-22.868, 69.938)  (-50.324, 56.229)  (-73.084, 32.539)
step= 82  t=82.000  (-75.160, 0.542)  (-71.695, -31.922)  (-49.436, -54.173)  (-23.148, -71.217)  (8.362, -79.562)  (38.759, -67.257)  (57.438, -40.443)  (74.856, -16.169)  (74.892, 15.641)  (64.668, 46.991)  (38.876, 66.970)  (6.048, 69.411)  (-23.445, 71.852)  (-51.734, 57.646)  (-73.084, 32.539)
step= 83  t=83.000  (-77.147, 0.320)  (-73.084, -32.539)  (-50.661, -55.753)  (-23.763, -73.119)  (8.362, -79.562)  (39.804, -68.961)  (58.922, -41.783)  (76.837, -16.439)  (76.809, 16.207)  (64.721, 47.023)  (39.750, 68.768)  (6.493, 71.361)  (-24.022, 73.766)  (-53.144, 59.063)  (-73.084, 32.539)
step= 84  t=84.000  (-79.133, 0.097)  (-73.084, -32.539)  (-51.887, -57.332)  (-24.378, -75.021)  (8.362, -79.562)  (40.000, -69.282)  (60.405, -43.124)  (78.252, -16.633)  (78.252, 16.633)  (64.721, 47.023)  (40.000, 69.282)  (6.937, 73.310)  (-24.599, 75.680)  (-53.530, 59.452)  (-73.084, 32.539)
step= 85  t=85.000  (-80.000, -0.000)  (-73.084, -32.539)  (-53.112, -58.912)  (-24.721, -76.085)  (8.362, -79.562)  (40.000, -69.282)  (61.889, -44.464)  (78.252, -16.633)  (78.252, 16.633)  (64.721, 47.023)  (40.000, 69.282)  (7.381, 75.259)  (-24.721, 76.085)  (-53.530, 59.452)  (-73.084, 32.539)
step= 86  t=86.000  (-80.000, -0.000)  (-73.084, -32.539)  (-53.530, -59.452)  (-24.721, -76.085)  (8.362, -79.562)  (40.000, -69.282)  (63.372, -45.804)  (78.252, -16.633)  (78.252, 16.633)  (64.721, 47.023)  (40.000, 69.282)  (7.826, 77.208)  (-24.721, 76.085)  (-53.530, 59.452)  (-73.084, 32.539)
step= 87  t=87.000  (-80.000, -0.000)  (-73.084, -32.539)  (-53.530, -59.452)  (-24.721, -76.085)  (8.362, -79.562)  (40.000, -69.282)  (64.721, -47.023)  (78.252, -16.633)  (78.252, 16.633)  (64.721, 47.023)  (40.000, 69.282)  (8.270, 79.157)  (-24.721, 76.085)  (-53.530, 59.452)  (-73.084, 32.539)
step= 88  t=88.000  (-80.000, -0.000)  (-73.084, -32.539)  (-53.530, -59.452)  (-24.721, -76.085)  (8.362, -79.562)  (40.000, -69.282)  (64.721, -47.023)  (78.252, -16.633)  (78.252, 16.633)  (64.721, 47.023)  (40.000, 69.282)  (8.362, 79.562)  (-24.721, 76.085)  (-53.530, 59.452)  (-73.084, 32.539)
