Simulation has 15 agents and 0 obstacle vertices in it.
Running simulation
step= 0  t=0.000  (80.000, 0.000)  (73.084, 32.539)  (53.530, 59.452)  (24.721, 76.085)  (-8.362, 79.562)  (-40.000, 69.282)  (-64.721, 47.023)  (-78.252, 16.633)  (-78.252, -16.633)  (-64.721, -47.023)  (-40.000, -69.282)  (-8.362, -79.562)  (24.721, -76.085)  (53.530, -59.452)  (73.084, -32.539)
step= 1  t=1.000  (78.001, 0.000)  (71.257, 31.726)  (52.193, 57.966)  (24.104, 74.183)  (-8.153, 77.573)  (-39.000, 67.551)  (-63.104, 45.848)  (-76.296, 16.217)  (-76.296, -16.217)  (-63.104, -45.848)  (-39.000, -67.551)  (-8.153, -77.573)  (24.104, -74.183)  (52.193, -57.966)  (71.257, -31.726)
step= 2  t=2.000  (76.002, 0.000)  (69.431, 30.913)  (50.855, 56.480)  (23.486, 72.282)  (-7.944, 75.585)  (-38.001, 65.819)  (-61.487, 44.673)  (-74.341, 15.802)  (-74.341, -15.802)  (-61.487, -44.673)  (-38.001, -65.819)  (-7.944, -75.585)  (23.486, -72.282)  (50.855, -56.480)  (69.431, -30.913)
step= 3  t=3.000  (74.002, 0.000)  (67.605, 30.099)  (49.517, 54.994)  (22.868, 70.380)  (-7.735, 73.597)  (-37.001, 64.088)  (-59.869, 43.497)  (-72.385, 15.386)  (-72.385, -15.386)  (-59.869, -43.498)  (-37.001, -64.088)  (-7.735, -73.597)  (22.868, -70.380)  (49.517, -54.994)  (67.605, -30.099)
step= 4  t=4.000  (72.003, 0.000)  (65.778, 29.286)  (48.180, 53.509)  (22.250, 68.479)  (-7.526, 71.609)  (-36.002, 62.357)  (-58.252, 42.322)  (-70.430, 14.970)  (-70.430, -14.970)  (-58.252, -42.322)  (-36.002, -62.357)  (-7.526, -71.609)  (22.250, -68.479)  (48.180, -53.509)  (65.778, -29.286)
step= 5  t=5.000  (70.004, 0.000)  (63.952, 28.473)  (46.842, 52.023)  (21.632, 66.578)  (-7.317, 69.620)  (-35.002, 60.625)  (-56.634, 41.147)  (-68.474, 14.555)  (-68.474, -14.555)  (-56.634, -41.147)  (-35.002, -60.625)  (-7.317, -69.620)  (21.632, -66.578)  (46.842, -52.023)  (63.952, -28.473)
step= 6  t=6.000  (68.005, 0.000)  (62.125, 27.660)  (45.504, 50.537)  (21.015, 64.676)  (-7.108, 67.632)  (-34.002, 58.894)  (-55.017, 39.972)  (-66.519, 14.139)  (-66.519, -14.139)  (-55.017, -39.972)  (-34.002, -58.894)  (-7.108, -67.632)  (21.015, -64.676)  (45.504, -50.537)  (62.125, -27.660)
step= 7  t=7.000  (66.006, 0.000)  (60.299, 26.847)  (44.166, 49.052)  (20.397, 62.775)  (-6.899, 65.644)  (-33.003, 57.162)  (-53.400, 38.797)  (-64.563, 13.723)  (-64.563, -13.723)  (-53.400, -38.797)  (-33.003, -57.162)  (-6.899, -65.644)  (20.397, -62.775)  (44.166, -49.052)  (60.299, -26.847)
step= 8  t=8.000  (64.006, 0.000)  (58.473, 26.034)  (42.829, 47.566)  (19.779, 60.874)  (-6.690, 63.656)  (-32.003, 55.431)  (-51.782, 37.622)  (-62.608, 13.308)  (-62.608, -13.308)  (-51.782, -37.622)  (-32.003, -55.431)  (-6.690, -63.656)  (19.779, -60.874)  (42.829, -47.566)  (58.473, -26.034)
step= 9  t=9.000  (62.007, 0.000)  (56.646, 25.221)  (41.491, 46.080)  (19.161, 58.972)  (-6.482, 61.667)  (-31.004, 53.700)  (-50.165, 36.447)  (-60.652, 12.892)  (-60.652, -12.892)  (-50.165, -36.447)  (-31.004, -53.700)  (-6.482, -61.667)  (19.161, -58.972)  (41.491, -46.080)  (56.646, -25.221)
step= 10  t=10.000  (60.008, 0.000)  (54.820, 24.407)  (40.153, 44.595)  (18.543, 57.071)  (-6.273, 59.679)  (-30.004, 51.968)  (-48.547, 35.272)  (-58.697, 12.476)  (-58.697, -12.476)  (-48.547, -35.272)  (-30.004, -51.968)  (-6.273, -59.679)  (18.543, -57.071)  (40.153, -44.595)  (54.820, -24.407)
step= 11  t=11.000  (58.009, 0.000)  (52.994, 23.594)  (38.815, 43.109)  (17.926, 55.170)  (-6.064, 57.691)  (-29.004, 50.237)  (-46.930, 34.097)  (-56.741, 12.061)  (-56.741, -12.061)  (-46.930, -34.097)  (-29.004, -50.237)  (-6.064, -57.691)  (17.926, -55.170)  (38.815, -43.109)  (52.994, -23.594)
step= 12  t=12.000  (56.009, 0.000)  (51.167, 22.781)  (37.478, 41.623)  (17.308, 53.268)  (-5.855, 55.703)  (-28.005, 48.506)  (-45.313, 32.922)  (-54.786, 11.645)  (-54.786, -11.645)  (-45.313, -32.922)  (-28.005, -48.506)  (-5.855, -55.703)  (17.308, -53.268)  (37.478, -41.623)  (51.167, -22.781)
step= 13  t=13.000  (54.010, 0.000)  (49.341, 21.968)  (36.140, 40.137)  (16.690, 51.367)  (-5.646, 53.714)  (-27.005, 46.774)  (-43.695, 31.746)  (-52.830, 11.229)  (-52.830, -11.229)  (-43.695, -31.746)  (-27.005, -46.774)  (-5.646, -53.714)  (16.690, -51.367)  (36.140, -40.137)  (49.341, -21.968)
step= 14  t=14.000  (52.011, 0.000)  (47.514, 21.155)  (34.802, 38.652)  (16.072, 49.465)  (-5.437, 51.726)  (-26.006, 45.043)  (-42.078, 30.571)  (-50.874, 10.814)  (-50.874, -10.814)  (-42.078, -30.571)  (-26.006, -45.043)  (-5.437, -51.726)  (16.072, -49.465)  (34.802, -38.652)  (47.514, -21.155)
step= 15  t=15.000  (50.012, 0.000)  (45.688, 20.342)  (33.464, 37.166)  (15.455, 47.564)  (-5.228, 49.738)  (-25.006, 43.312)  (-40.460, 29.396)  (-48.919, 10.398)  (-48.919, -10.398)  (-40.460, -29.396)  (-25.006, -43.312)  (-5.228, -49.738)  (15.455, -47.564)  (33.464, -37.166)  (45.688, -20.342)
step= 16  t=16.000  (48.013, 0.000)  (43.862, 19.528)  (32.127, 35.680)  (14.837, 45.663)  (-5.019, 47.750)  (-24.006, 41.580)  (-38.843, 28.221)  (-46.963, 9.982)  (-46.963, -9.982)  (-38.843, -28.221)  (-24.006, -41.580)  (-5.019, -47.750)  (14.837, -45.663)  (32.127, -35.680)  (43.862, -19.528)
step= 17  t=17.000  (46.013, 0.000)  (42.035, 18.715)  (30.789, 34.195)  (14.219, 43.761)  (-4.810, 45.761)  (-23.007, 39.849)  (-37.226, 27.046)  (-45.008, 9.567)  (-45.008, -9.567)  (-37.226, -27.046)  (-23.007, -39.849)  (-4.810, -45.761)  (14.219, -43.761)  (30.789, -34.195)  (42.035, -18.715)
step= 18  t=18.000  (44.014, 0.000)  (40.209, 17.902)  (29.451, 32.709)  (13.601, 41.860)  (-4.601, 43.773)  (-22.007, 38.117)  (-35.608, 25.871)  (-43.052, 9.151)  (-43.052, -9.151)  (-35.608, -25.871)  (-22.007, -38.117)  (-4.601, -43.773)  (13.601, -41.860)  (29.451, -32.709)  (40.209, -17.902)
step= 19  t=19.000  (42.015, 0.000)  (38.383, 17.089)  (28.114, 31.223)  (12.983, 39.959)  (-4.392, 41.785)  (-21.007, 36.386)  (-33.991, 24.696)  (-41.097, 8.735)  (-41.097, -8.735)  (-33.991, -24.696)  (-21.007, -36.386)  (-4.392, -41.785)  (12.983, -39.959)  (28.114, -31.223)  (38.383, -17.089)
step= 20  t=20.000  (40.016, 0.000)  (36.556, 16.276)  (26.776, 29.738)  (12.366, 38.057)  (-4.183, 39.797)  (-20.008, 34.655)  (-32.373, 23.521)  (-39.141, 8.320)  (-39.141, -8.320)  (-32.373, -23.521)  (-20.008, -34.655)  (-4.183, -39.797)  (12.366, -38.057)  (26.776, -29.738)  (36.556, -16.276)
step= 21  t=21.000  (38.017, 0.000)  (34.730, 15.463)  (25.438, 28.252)  (11.748, 36.156)  (-3.974, 37.808)  (-19.008, 32.923)  (-30.756, 22.346)  (-37.186, 7.904)  (-37.186, -7.904)  (-30.756, -22.346)  (-19.008, -32.923)  (-3.974, -37.808)  (11.748, -36.156)  (25.438, -28.252)  (34.730, -15.463)
step= 22  t=22.000  (36.017, 0.000)  (32.903, 14.650)  (24.100, 26.766)  (11.130, 34.255)  (-3.765, 35.820)  (-18.009, 31.192)  (-29.139, 21.170)  (-35.230, 7.488)  (-35.230, -7.488)  (-29.139, -21.170)  (-18.009, -31.192)  (-3.765, -35.820)  (11.130, -34.255)  (24.100, -26.766)  (32.904, -14.650)
step= 23  t=23.000  (34.018, 0.000)  (31.077, 13.836)  (22.763, 25.280)  (10.512, 32.353)  (-3.556, 33.832)  (-17.009, 29.461)  (-27.521, 19.995)  (-33.275, 7.073)  (-33.275, -7.073)  (-27.521, -19.995)  (-17.009, -29.461)  (-3.556, -33.832)  (10.512, -32.353)  (22.763, -25.280)  (31.077, -13.836)
step= 24  t=24.000  (32.019, 0.000)  (29.251, 13.023)  (21.425, 23.795)  (9.894, 30.452)  (-3.347, 31.844)  (-16.009, 27.729)  (-25.904, 18.820)  (-31.319, 6.657)  (-31.319, -6.657)  (-25.904, -18.820)  (-16.009, -27.729)  (-3.347, -31.844)  (9.894, -30.452)  (21.425, -23.795)  (29.251, -13.023)
step= 25  t=25.000  (30.020, 0.000)  (27.424, 12.210)  (20.087, 22.309)  (9.277, 28.550)  (-3.138, 29.855)  (-15.010, 25.998)  (-24.286, 17.645)  (-29.364, 6.241)  (-29.364, -6.241)  (-24.286, -17.645)  (-15.010, -25.998)  (-3.138, -29.855)  (9.277, -28.550)  (20.087, -22.309)  (27.424, -12.210)
step= 26  t=26.000  (28.021, 0.000)  (25.598, 11.397)  (18.749, 20.823)  (8.659, 26.649)  (-2.929, 27.867)  (-14.010, 24.266)  (-22.669, 16.470)  (-27.408, 5.826)  (-27.408, -5.826)  (-22.669, -16.470)  (-14.010, -24.266)  (-2.929, -27.867)  (8.659, -26.649)  (18.749, -20.823)  (25.598, -11.397)
step= 27  t=27.000  (26.021, 0.000)  (23.772, 10.584)  (17.412, 19.338)  (8.041, 24.748)  (-2.720, 25.879)  (-13.011, 22.535)  (-21.052, 15.295)  (-25.453, 5.410)  (-25.453, -5.410)  (-21.052, -15.295)  (-13.011, -22.535)  (-2.720, -25.879)  (8.041, -24.748)  (17.412, -19.338)  (23.772, -10.584)
step= 28  t=28.000  (24.022, 0.000)  (21.945, 9.771)  (16.074, 17.852)  (7.423, 22.846)  (-2.511, 23.891)  (-12.011, 20.804)  (-19.434, 14.120)  (-23.497, 4.994)  (-23.497, -4.994)  (-19.434, -14.120)  (-12.011, -20.804)  (-2.511, -23.890)  (7.423, -22.846)  (16.074, -17.852)  (21.945, -9.771)
step= 29  t=29.000  (22.023, -0.000)  (20.119, 8.958)  (14.736, 16.366)  (6.806, 20.945)  (-2.302, 21.903)  (-11.012, 19.073)  (-17.817, 12.945)  (-21.542, 4.579)  (-21.542, -4.579)  (-17.817, -12.945)  (-11.012, -19.073)  (-2.302, -21.903)  (6.806, -20.945)  (14.736, -16.366)  (20.119, -8.958)
step= 30  t=30.000  (20.024, -0.000)  (18.293, 8.145)  (13.399, 14.881)  (6.188, 19.044)  (-2.093, 19.915)  (-10.012, 17.342)  (-16.200, 11.770)  (-19.587, 4.163)  (-19.587, -4.163)  (-16.200, -11.770)  (-10.012, -17.342)  (-2.093, -19.915)  (6.188, -19.044)  (13.399, -14.881)  (18.293, -8.145)
step= 31  t=31.000  (18.025, -0.000)  (16.467, 7.331)  (12.061, 13.395)  (5.570, 17.143)  (-1.884, 17.926)  (-9.012, 15.610)  (-14.582, 10.595)  (-17.631, 3.748)  (-17.631, -3.748)  (-14.583, -10.595)  (-9.012, -15.610)  (-1.884, -17.926)  (5.570, -17.143)  (12.061, -13.395)  (16.467, -7.331)
step= 32  t=32.000  (16.303, 0.000)  (14.894, 6.631)  (10.909, 12.116)  (5.038, 15.505)  (-1.704, 16.214)  (-8.152, 14.119)  (-13.190, 9.583)  (-15.947, 3.390)  (-15.947, -3.390)  (-13.190, -9.583)  (-8.152, -14.119)  (-1.704, -16.215)  (5.038, -15.505)  (10.910, -12.116)  (14.894, -6.631)
step= 33  t=33.000  (14.869, -0.000)  (13.583, 6.048)  (9.949, 11.050)  (4.595, 14.141)  (-1.554, 14.787)  (-7.434, 12.877)  (-12.029, 8.740)  (-14.544, 3.091)  (-14.544, -3.091)  (-12.029, -8.740)  (-7.435, -12.878)  (-1.554, -14.784)  (4.596, -14.145)  (9.947, -11.047)  (13.584, -6.048)
step= 34  t=34.000  (13.675, 0.000)  (12.491, 5.561)  (9.149, 10.161)  (4.225, 13.004)  (-1.429, 13.598)  (-6.837, 11.841)  (-11.062, 8.037)  (-13.374, 2.843)  (-13.374, -2.843)  (-11.064, -8.038)  (-6.833, -11.836)  (-1.432, -13.614)  (4.221, -12.990)  (9.160, -10.172)  (12.485, -5.559)
step= 35  t=35.000  (12.668, -0.001)  (11.583, 5.158)  (8.483, 9.421)  (3.917, 12.056)  (-1.325, 12.608)  (-6.338, 10.978)  (-10.256, 7.451)  (-12.400, 2.636)  (-12.402, -2.636)  (-10.248, -7.447)  (-6.360, -11.008)  (-1.322, -12.585)  (3.950, -12.157)  (8.467, -9.404)  (11.616, -5.168)
step= 36  t=36.000  (11.918, 0.009)  (10.814, 4.814)  (7.928, 8.806)  (3.661, 11.267)  (-1.238, 11.781)  (-5.924, 10.260)  (-9.584, 6.963)  (-11.590, 2.464)  (-11.578, -2.462)  (-9.647, -6.998)  (-5.923, -10.254)  (-1.063, -10.603)  (3.685, -11.341)  (7.092, -7.953)  (10.819, -4.814)
step= 37  t=37.000  (11.204, 0.011)  (10.303, 4.609)  (7.460, 8.284)  (3.447, 10.610)  (-1.166, 11.095)  (-5.577, 9.659)  (-9.027, 6.559)  (-10.903, 2.317)  (-11.052, -2.328)  (-9.071, -6.577)  (-5.175, -8.988)  (-1.394, -8.630)  (3.299, -10.154)  (5.917, -6.732)  (9.469, -4.229)
step= 38  t=38.000  (10.071, 0.128)  (9.660, 4.202)  (7.298, 8.220)  (3.268, 10.057)  (-1.106, 10.520)  (-5.290, 9.164)  (-8.554, 6.215)  (-11.224, 2.553)  (-10.301, -2.282)  (-8.154, -5.945)  (-4.511, -7.706)  (-1.355, -6.631)  (2.939, -9.044)  (4.638, -5.310)  (8.187, -3.583)
step= 39  t=39.000  (9.004, 0.064)  (8.857, 4.109)  (6.950, 7.728)  (3.042, 8.919)  (-1.055, 10.042)  (-5.048, 8.744)  (-7.681, 5.419)  (-10.981, 2.336)  (-9.534, -1.809)  (-7.234, -5.352)  (-3.858, -6.398)  (-1.724, -4.665)  (2.588, -7.975)  (3.523, -3.951)  (6.788, -2.907)
step= 40  t=40.000  (7.846, 0.003)  (8.301, 3.685)  (6.437, 7.515)  (2.422, 7.019)  (-0.861, 9.186)  (-4.693, 7.930)  (-6.061, 4.246)  (-10.622, 2.140)  (-8.825, -1.423)  (-6.317, -4.728)  (-3.241, -5.098)  (-2.166, -2.714)  (2.168, -6.930)  (2.421, -2.589)  (5.385, -2.255)
step= 41  t=41.000  (6.911, -0.309)  (7.576, 3.399)  (5.908, 6.900)  (1.613, 5.813)  (-0.495, 7.878)  (-4.197, 6.668)  (-4.417, 3.108)  (-10.212, 1.817)  (-7.749, -0.937)  (-5.608, -4.190)  (-2.639, -3.968)  (-3.040, -0.915)  (1.706, -5.717)  (1.147, -1.276)  (4.224, -1.182)
step= 42  t=42.000  (5.819, -0.794)  (7.050, 3.037)  (5.194, 6.369)  (0.804, 4.516)  (-0.213, 6.636)  (-3.609, 5.651)  (-3.096, 2.136)  (-9.462, 1.216)  (-6.881, -0.403)  (-4.600, -3.884)  (-2.130, -2.817)  (-4.112, 0.773)  (1.361, -4.584)  (0.254, -0.275)  (3.237, -0.059)
step= 43  t=43.000  (4.636, -1.489)  (6.389, 2.906)  (4.449, 5.833)  (0.091, 3.404)  (0.158, 5.613)  (-3.088, 4.928)  (-2.126, 1.459)  (-8.551, 0.500)  (-6.178, 0.110)  (-3.581, -3.682)  (-1.665, -1.801)  (-4.882, 2.393)  (0.936, -3.577)  (-0.545, 0.849)  (2.222, 0.820)
step= 44  t=44.000  (3.240, -2.564)  (5.846, 2.802)  (3.798, 5.215)  (-0.475, 2.683)  (0.719, 4.555)  (-2.660, 4.463)  (-0.394, 0.460)  (-7.485, -0.415)  (-5.649, 0.676)  (-2.707, -3.376)  (-1.322, -0.970)  (-5.229, 4.306)  (0.445, -2.694)  (-2.082, 2.129)  (1.349, 1.511)
step= 45  t=45.000  (1.832, -3.651)  (5.409, 2.734)  (3.271, 4.554)  (-1.673, 1.595)  (1.640, 3.360)  (-2.471, 4.346)  (0.811, -0.280)  (-6.195, -1.303)  (-5.850, 1.307)  (-1.996, -3.148)  (-0.978, -0.219)  (-4.874, 6.274)  (0.005, -1.863)  (-3.824, 3.111)  (0.869, 1.946)
step= 46  t=46.000  (0.332, -4.696)  (5.101, 2.713)  (2.877, 4.110)  (-2.684, 0.508)  (2.381, 1.979)  (-2.716, 4.796)  (2.425, -1.460)  (-4.851, -2.191)  (-5.700, 1.899)  (-1.272, -2.997)  (-0.824, 0.557)  (-4.519, 8.242)  (-0.321, -1.179)  (-5.147, 4.611)  (0.272, 3.299)
step= 47  t=47.000  (-1.453, -5.599)  (4.863, 2.392)  (2.430, 3.260)  (-3.457, -0.644)  (3.010, 0.148)  (-3.087, 5.376)  (4.039, -2.641)  (-3.445, -3.084)  (-5.370, 2.344)  (-0.408, -2.857)  (-0.629, 1.710)  (-4.163, 10.209)  (-0.609, -0.607)  (-6.470, 6.110)  (-0.284, 4.693)
step= 48  t=48.000  (-3.360, -6.202)  (4.522, 2.103)  (1.959, 2.302)  (-4.079, -2.207)  (3.570, -1.772)  (-3.372, 5.894)  (5.653, -3.821)  (-1.941, -3.861)  (-4.770, 2.990)  (0.675, -2.636)  (0.034, 3.597)  (-3.808, 12.177)  (-0.921, -0.117)  (-7.792, 7.609)  (-0.944, 6.175)
step= 49  t=49.000  (-5.318, -6.607)  (3.836, 2.064)  (1.265, 0.802)  (-4.556, -4.083)  (4.070, -3.709)  (-3.556, 6.421)  (7.267, -5.002)  (-0.138, -4.418)  (-2.991, 3.663)  (2.297, -2.011)  (1.074, 5.305)  (-3.452, 14.145)  (-1.830, 0.631)  (-9.115, 9.109)  (-1.807, 7.765)
step= 50  t=50.000  (-7.316, -6.709)  (2.341, 1.664)  (-0.080, -0.677)  (-5.095, -6.008)  (4.451, -5.672)  (-3.434, 6.345)  (8.881, -6.182)  (1.838, -4.726)  (-1.055, 4.162)  (3.907, -0.825)  (2.113, 7.013)  (-3.097, 16.112)  (-2.819, 1.849)  (-10.438, 10.608)  (-3.067, 9.319)
step= 51  t=51.000  (-9.307, -6.526)  (0.520, 0.838)  (-1.425, -2.156)  (-5.634, -7.933)  (4.557, -7.669)  (-2.178, 5.374)  (10.495, -7.362)  (3.813, -5.034)  (0.829, 4.499)  (5.522, 0.355)  (3.152, 8.722)  (-2.742, 18.079)  (-4.001, 3.353)  (-11.760, 12.107)  (-4.948, 9.998)
step= 52  t=52.000  (-11.297, -6.342)  (-1.301, 0.012)  (-2.771, -3.636)  (-6.173, -9.858)  (4.663, -9.665)  (-1.187, 3.642)  (12.108, -8.542)  (5.789, -5.342)  (2.804, 4.809)  (7.092, 1.593)  (4.192, 10.430)  (-2.387, 20.046)  (-4.549, 5.275)  (-13.083, 13.606)  (-6.846, 10.626)
step= 53  t=53.000  (-13.288, -6.158)  (-3.122, -0.814)  (-4.116, -5.115)  (-6.712, -11.783)  (4.768, -11.661)  (-0.204, 1.902)  (13.721, -9.722)  (7.764, -5.649)  (4.752, 5.101)  (8.803, 2.629)  (5.231, 12.137)  (-2.031, 22.014)  (-5.097, 7.198)  (-14.405, 15.104)  (-8.744, 11.253)
step= 54  t=54.000  (-15.278, -5.974)  (-4.942, -1.639)  (-5.461, -6.594)  (-7.251, -13.707)  (4.874, -13.657)  (0.779, 0.161)  (15.335, -10.902)  (9.739, -5.957)  (6.706, 5.397)  (10.369, 3.872)  (6.270, 13.845)  (-1.676, 23.981)  (-5.644, 9.120)  (-15.727, 16.603)  (-10.641, 11.881)
step= 55  t=55.000  (-17.268, -5.791)  (-6.763, -2.465)  (-6.806, -8.073)  (-7.790, -15.632)  (4.980, -15.653)  (1.762, -1.579)  (16.948, -12.082)  (11.714, -6.265)  (8.681, 5.707)  (11.934, 5.115)  (7.309, 15.553)  (-1.321, 25.949)  (-6.192, 11.043)  (-17.050, 18.102)  (-12.539, 12.509)
step= 56  t=56.000  (-19.259, -5.607)  (-8.583, -3.290)  (-8.151, -9.552)  (-8.330, -17.557)  (5.085, -17.650)  (2.745, -3.320)  (18.562, -13.262)  (13.689, -6.573)  (10.656, 6.017)  (13.500, 6.359)  (8.348, 17.260)  (-0.965, 27.916)  (-6.740, 12.965)  (-18.372, 19.601)  (-14.437, 13.137)
step= 57  t=57.000  (-21.250, -5.423)  (-10.403, -4.116)  (-9.496, -11.031)  (-8.869, -19.482)  (5.191, -19.646)  (3.728, -5.061)  (20.175, -14.442)  (15.664, -6.880)  (12.630, 6.327)  (15.065, 7.601)  (9.387, 18.968)  (-0.610, 29.883)  (-7.287, 14.887)  (-19.695, 21.100)  (-16.334, 13.765)
step= 58  t=58.000  (-23.241, -5.239)  (-12.224, -4.941)  (-10.841, -12.510)  (-9.408, -21.407)  (5.297, -21.642)  (4.711, -6.801)  (21.788, -15.622)  (17.639, -7.188)  (14.605, 6.637)  (16.631, 8.844)  (10.426, 20.676)  (-0.255, 31.851)  (-7.835, 16.810)  (-21.017, 22.599)  (-18.232, 14.392)
step= 59  t=59.000  (-25.231, -5.056)  (-14.044, -5.767)  (-12.186, -13.989)  (-9.947, -23.332)  (5.402, -23.639)  (5.694, -8.542)  (23.402, -16.802)  (19.614, -7.496)  (16.580, 6.947)  (18.196, 10.087)  (11.465, 22.384)  (0.101, 33.818)  (-8.383, 18.732)  (-22.340, 24.098)  (-20.130, 15.020)
step= 60  t=60.000  (-27.222, -4.872)  (-15.865, -6.592)  (-13.531, -15.467)  (-10.486, -25.256)  (5.508, -25.635)  (6.678, -10.283)  (25.015, -17.983)  (21.589, -7.804)  (18.554, 7.258)  (19.762, 11.330)  (12.504, 24.092)  (0.456, 35.785)  (-8.930, 20.655)  (-23.662, 25.597)  (-22.028, 15.648)
step= 61  t=61.000  (-29.213, -4.688)  (-17.685, -7.418)  (-14.875, -16.946)  (-11.025, -27.182)  (5.614, -27.632)  (7.661, -12.024)  (26.629, -19.163)  (23.565, -8.111)  (20.529, 7.568)  (21.327, 12.573)  (13.543, 25.800)  (0.811, 37.753)  (-9.478, 22.578)  (-24.985, 27.096)  (-23.926, 16.276)
step= 62  t=62.000  (-31.204, -4.504)  (-19.506, -8.243)  (-16.220, -18.425)  (-11.564, -29.107)  (5.719, -29.628)  (8.644, -13.764)  (28.243, -20.343)  (25.540, -8.419)  (22.504, 7.878)  (22.893, 13.816)  (14.583, 27.508)  (1.167, 39.720)  (-10.026, 24.501)  (-26.307, 28.595)  (-25.824, 16.904)
step= 63  t=63.000  (-33.194, -4.321)  (-21.326, -9.069)  (-17.565, -19.904)  (-12.103, -31.032)  (5.825, -31.625)  (9.627, -15.505)  (29.856, -21.523)  (27.516, -8.727)  (24.478, 8.188)  (24.458, 15.058)  (15.622, 29.216)  (1.522, 41.688)  (-10.574, 26.423)  (-27.630, 30.094)  (-27.722, 17.532)
step= 64  t=64.000  (-35.185, -4.137)  (-23.147, -9.895)  (-18.910, -21.383)  (-12.643, -32.957)  (5.931, -33.621)  (10.610, -17.246)  (31.470, -22.703)  (29.491, -9.035)  (26.453, 8.498)  (26.024, 16.301)  (16.661, 30.923)  (1.877, 43.655)  (-11.121, 28.346)  (-28.953, 31.594)  (-29.620, 18.160)
step= 65  t=65.000  (-37.176, -3.953)  (-24.968, -10.720)  (-20.256, -22.862)  (-13.182, -34.882)  (6.036, -35.617)  (11.593, -18.987)  (33.084, -23.884)  (31.466, -9.343)  (28.428, 8.808)  (27.589, 17.544)  (17.700, 32.631)  (2.233, 45.622)  (-11.669, 30.269)  (-30.275, 33.093)  (-31.518, 18.788)
step= 66  t=66.000  (-39.167, -3.769)  (-26.789, -11.546)  (-21.601, -24.341)  (-13.721, -36.807)  (6.142, -37.614)  (12.577, -20.727)  (34.697, -25.064)  (33.442, -9.650)  (30.402, 9.118)  (29.155, 18.787)  (18.739, 34.339)  (2.588, 47.590)  (-12.217, 32.191)  (-31.598, 34.592)  (-33.416, 19.416)
step= 67  t=67.000  (-41.157, -3.585)  (-28.609, -12.371)  (-22.946, -25.820)  (-14.260, -38.732)  (6.248, -39.610)  (13.560, -22.468)  (36.311, -26.244)  (35.417, -9.958)  (32.377, 9.428)  (30.720, 20.030)  (19.778, 36.047)  (2.943, 49.557)  (-12.765, 34.114)  (-32.920, 36.091)  (-35.314, 20.044)
step= 68  t=68.000  (-43.148, -3.402)  (-30.430, -13.197)  (-24.291, -27.299)  (-14.799, -40.658)  (6.353, -41.607)  (14.543, -24.209)  (37.925, -27.424)  (37.392, -10.266)  (34.352, 9.739)  (32.286, 21.273)  (20.818, 37.755)  (3.299, 51.524)  (-13.312, 36.037)  (-34.243, 37.590)  (-37.212, 20.671)
step= 69  t=69.000  (-45.139, -3.218)  (-32.251, -14.023)  (-25.636, -28.778)  (-15.338, -42.583)  (6.459, -43.603)  (15.526, -25.950)  (39.539, -28.604)  (39.368, -10.574)  (36.327, 10.049)  (33.852, 22.516)  (21.857, 39.463)  (3.654, 53.492)  (-13.860, 37.960)  (-35.566, 39.089)  (-39.110, 21.299)
step= 70  t=70.000  (-47.130, -3.034)  (-34.072, -14.848)  (-26.981, -30.257)  (-15.878, -44.508)  (6.565, -45.599)  (16.509, -27.690)  (41.152, -29.785)  (41.343, -10.882)  (38.302, 10.359)  (35.418, 23.759)  (22.896, 41.171)  (4.009, 55.459)  (-14.408, 39.882)  (-36.888, 40.588)  (-41.008, 21.927)
step= 71  t=71.000  (-49.120, -2.850)  (-35.892, -15.674)  (-28.326, -31.736)  (-16.417, -46.433)  (6.670, -47.596)  (17.492, -29.431)  (42.766, -30.965)  (43.319, -11.190)  (40.277, 10.669)  (36.984, 25.002)  (23.935, 42.879)  (4.365, 57.427)  (-14.956, 41.805)  (-38.211, 42.088)  (-42.906, 22.555)
step= 72  t=72.000  (-51.111, -2.667)  (-37.713, -16.500)  (-29.671, -33.216)  (-16.956, -48.358)  (6.776, -49.592)  (18.476, -31.172)  (44.380, -32.145)  (45.294, -11.497)  (42.252, 10.979)  (38.549, 26.245)  (24.974, 44.587)  (4.720, 59.394)  (-15.503, 43.728)  (-39.534, 43.587)  (-44.804, 23.183)
step= 73  t=73.000  (-53.102, -2.483)  (-39.534, -17.325)  (-31.016, -34.695)  (-17.495, -50.283)  (6.882, -51.589)  (19.459, -32.913)  (45.993, -33.325)  (47.269, -11.805)  (44.227, 11.289)  (40.115, 27.488)  (26.013, 46.295)  (5.075, 61.361)  (-16.051, 45.650)  (-40.856, 45.086)  (-46.702, 23.811)
step= 74  t=74.000  (-55.093, -2.299)  (-41.355, -18.151)  (-32.361, -36.174)  (-18.034, -52.208)  (6.987, -53.585)  (20.442, -34.653)  (47.607, -34.506)  (49.245, -12.113)  (46.202, 11.600)  (41.681, 28.731)  (27.053, 48.003)  (5.431, 63.329)  (-16.599, 47.573)  (-42.179, 46.585)  (-48.600, 24.439)
step= 75  t=75.000  (-57.083, -2.115)  (-43.175, -18.977)  (-33.706, -37.653)  (-18.574, -54.133)  (7.093, -55.582)  (21.425, -36.394)  (49.221, -35.686)  (51.220, -12.421)  (48.177, 11.910)  (43.247, 29.974)  (28.092, 49.711)  (5.786, 65.296)  (-17.147, 49.496)  (-43.502, 48.084)  (-50.498, 25.067)
step= 76  t=76.000  (-59.074, -1.932)  (-44.996, -19.802)  (-35.051, -39.132)  (-19.113, -56.059)  (7.199, -57.578)  (22.408, -38.135)  (50.834, -36.866)  (53.195, -12.729)  (50.152, 12.220)  (44.812, 31.217)  (29.131, 51.418)  (6.141, 67.264)  (-17.694, 51.419)  (-44.824, 49.583)  (-52.396, 25.695)
step= 77  t=77.000  (-61.065, -1.748)  (-46.817, -20.628)  (-36.396, -40.611)  (-19.652, -57.984)  (7.304, -59.574)  (23.391, -39.876)  (52.448, -38.046)  (55.171, -13.036)  (52.127, 12.530)  (46.378, 32.460)  (30.170, 53.126)  (6.496, 69.231)  (-18.242, 53.341)  (-46.147, 51.083)  (-54.294, 26.323)
step= 78  t=78.000  (-63.056, -1.564)  (-48.638, -21.454)  (-37.742, -42.090)  (-20.191, -59.909)  (7.410, -61.571)  (24.375, -41.616)  (54.062, -39.226)  (57.146, -13.344)  (54.102, 12.840)  (47.944, 33.703)  (31.209, 54.834)  (6.852, 71.198)  (-18.790, 55.264)  (-47.469, 52.582)  (-56.192, 26.951)
step= 79  t=79.000  (-65.046, -1.380)  (-50.458, -22.279)  (-39.087, -43.569)  (-20.730, -61.834)  (7.516, -63.567)  (25.358, -43.357)  (55.675, -40.407)  (59.122, -13.652)  (56.077, 13.150)  (49.510, 34.947)  (32.248, 56.542)  (7.207, 73.166)  (-19.338, 57.187)  (-48.792, 54.081)  (-58.090, 27.579)
step= 80  t=80.000  (-67.037, -1.197)  (-52.279, -23.105)  (-40.432, -45.048)  (-21.269, -63.759)  (7.621, -65.564)  (26.341, -45.098)  (57.289, -41.587)  (61.097, -13.960)  (58.052, 13.461)  (51.076, 36.190)  (33.288, 58.250)  (7.562, 75.133)  (-19.885, 59.109)  (-50.115, 55.580)  (-59.988, 28.207)
step= 81  t=81.000  (-69.028, -1.013)  (-54.100, -23.931)  (-41.777, -46.527)  (-21.809, -65.684)  (7.727, -67.560)  (27.324, -46.839)  (58.903, -42.767)  (63.072, -14.268)  (60.027, 13.771)  (52.641, 37.433)  (34.327, 59.958)  (7.918, 77.100)  (-20.433, 61.032)  (-51.437, 57.079)  (-61.886, 28.835)
step= 82  t=82.000  (-71.019, -0.829)  (-55.921, -24.756)  (-43.122, -48.006)  (-22.348, -67.609)  (7.833, -69.556)  (28.307, -48.579)  (60.516, -43.947)  (65.048, -14.575)  (62.002, 14.081)  (54.207, 38.676)  (35.366, 61.666)  (8.273, 79.068)  (-20.981, 62.955)  (-52.760, 58.578)  (-63.784, 29.462)
step= 83  t=83.000  (-73.009, -0.645)  (-57.741, -25.582)  (-44.467, -49.485)  (-22.887, -69.535)  (7.938, -71.553)  (29.290, -50.320)  (62.130, -45.127)  (67.023, -14.883)  (63.977, 14.391)  (55.773, 39.919)  (36.405, 63.374)  (8.362, 79.562)  (-21.529, 64.877)  (-53.530, 59.452)  (-65.682, 30.090)
step= 84  t=84.000  (-75.000, -0.462)  (-59.562, -26.407)  (-45.812, -50.964)  (-23.426, -71.460)  (8.044, -73.549)  (30.274, -52.061)  (63.744, -46.308)  (68.998, -15.191)  (65.952, 14.701)  (57.339, 41.162)  (37.444, 65.082)  (8.362, 79.562)  (-22.076, 66.800)  (-53.530, 59.452)  (-67.580, 30.718)
step= 85  t=85.000  (-76.991, -0.278)  (-61.383, -27.233)  (-47.157, -52.443)  (-23.965, -73.385)  (8.150, -75.546)  (31.257, -53.802)  (64.721, -47.023)  (70.974, -15.499)  (67.927, 15.011)  (58.904, 42.405)  (38.484, 66.790)  (8.362, 79.562)  (-22.624, 68.723)  (-53.530, 59.452)  (-69.479, 31.346)
step= 86  t=86.000  (-78.982, -0.094)  (-63.204, -28.059)  (-48.502, -53.922)  (-24.504, -75.310)  (8.255, -77.542)  (32.240, -55.543)  (64.721, -47.023)  (72.949, -15.807)  (69.902, 15.322)  (60.470, 43.648)  (39.523, 68.498)  (8.362, 79.562)  (-23.172, 70.646)  (-53.530, 59.452)  (-71.377, 31.974)
step= 87  t=87.000  (-80.000, 0.000)  (-65.024, -28.884)  (-49.847, -55.401)  (-24.721, -76.085)  (8.361, -79.539)  (33.223, -57.283)  (64.721, -47.023)  (74.925, -16.114)  (71.877, 15.632)  (62.036, 44.891)  (40.000, 69.282)  (8.362, 79.562)  (-23.720, 72.568)  (-53.530, 59.452)  (-73.084, 32.539)
step= 88  t=88.000  (-80.000, 0.000)  (-66.845, -29.710)  (-51.192, -56.881)  (-24.721, -76.085)  (8.362, -79.562)  (34.206, -59.024)  (64.721, -47.023)  (76.900, -16.422)  (73.852, 15.942)  (63.602, 46.134)  (40.000, 69.282)  (8.362, 79.562)  (-24.267, 74.491)  (-53.530, 59.452)  (-73.084, 32.539)
step= 89  t=89.000  (-80.000, 0.000)  (-68.666, -30.536)  (-52.537, -58.360)  (-24.721, -76.085)  (8.362, -79.562)  (35.189, -60.765)  (64.721, -47.023)  (78.252, -16.633)  (75.827, 16.252)  (64.722, 47.023)  (40.000, 69.282)  (8.362, 79.562)  (-24.721, 76.085)  (-53.530, 59.452)  (-73.084, 32.539)
step= 90  t=90.000  (-80.000, 0.000)  (-70.487, -31.361)  (-53.530, -59.452)  (-24.721, -76.085)  (8.362, -79.562)  (36.173, -62.506)  (64.721, -47.023)  (78.252, -16.633)  (77.802, 16.562)  (64.722, 47.023)  (40.000, 69.282)  (8.362, 79.562)  (-24.721, 76.085)  (-53.530, 59.452)  (-73.084, 32.539)
step= 91  t=91.000  (-80.000, 0.000)  (-72.307, -32.187)  (-53.530, -59.452)  (-24.721, -76.085)  (8.362, -79.562)  (37.156, -64.246)  (64.721, -47.023)  (78.252, -16.633)  (78.252, 16.633)  (64.722, 47.023)  (40.000, 69.282)  (8.362, 79.562)  (-24.721, 76.085)  (-53.530, 59.452)  (-73.084, 32.539)
step= 92  t=92.000  (-80.000, 0.000)  (-73.084, -32.539)  (-53.530, -59.452)  (-24.721, -76.085)  (8.362, -79.562)  (38.139, -65.987)  (64.721, -47.023)  (78.252, -16.633)  (78.252, 16.633)  (64.722, 47.023)  (40.000, 69.282)  (8.362, 79.562)  (-24.721, 76.085)  (-53.530, 59.452)  (-73.084, 32.539)
step= 93  t=93.000  (-80.000, 0.000)  (-73.084, -32.539)  (-53.530, -59.452)  (-24.721, -76.085)  (8.362, -79.562)  (39.122, -67.728)  (64.721, -47.023)  (78.252, -16.633)  (78.252, 16.633)  (64.722, 47.023)  (40.000, 69.282)  (8.362, 79.562)  (-24.721, 76.085)  (-53.530, 59.452)  (-73.084, 32.539)
step= 94  t=94.000  (-80.000, 0.000)  (-73.084, -32.539)  (-53.530, -59.452)  (-24.721, -76.085)  (8.362, -79.562)  (40.000, -69.283)  (64.721, -47.023)  (78.252, -16.633)  (78.252, 16.633)  (64.722, 47.023)  (40.000, 69.282)  (8.362, 79.562)  (-24.721, 76.085)  (-53.530, 59.452)  (-73.084, 32.539)
