Simulation has 15 agents and 0 obstacle vertices in it.
Running simulation
step= 0  t=0.000  (80.000, 0.000)  (73.084, 32.539)  (53.530, 59.452)  (24.721, 76.085)  (-8.362, 79.562)  (-40.000, 69.282)  (-64.721, 47.023)  (-78.252, 16.633)  (-78.252, -16.633)  (-64.721, -47.023)  (-40.000, -69.282)  (-8.362, -79.562)  (24.721, -76.085)  (53.530, -59.452)  (73.084, -32.539)
step= 1  t=1.000  (78.001, 0.000)  (71.257, 31.726)  (52.193, 57.966)  (24.104, 74.183)  (-8.153, 77.573)  (-39.000, 67.551)  (-63.104, 45.848)  (-76.296, 16.217)  (-76.296, -16.217)  (-63.104, -45.848)  (-39.000, -67.551)  (-8.153, -77.573)  (24.104, -74.183)  (52.193, -57.966)  (71.257, -31.726)
step= 2  t=2.000  (76.002, 0.000)  (69.431, 30.913)  (50.855, 56.480)  (23.486, 72.282)  (-7.944, 75.585)  (-38.001, 65.819)  (-61.487, 44.673)  (-74.341, 15.802)  (-74.341, -15.802)  (-61.487, -44.673)  (-38.001, -65.819)  (-7.944, -75.585)  (23.486, -72.282)  (50.855, -56.480)  (69.431, -30.913)
step= 3  t=3.000  (74.002, 0.000)  (67.605, 30.099)  (49.517, 54.994)  (22.868, 70.380)  (-7.735, 73.597)  (-37.001, 64.088)  (-59.869, 43.497)  (-72.385, 15.386)  (-72.385, -15.386)  (-59.869, -43.498)  (-37.001, -64.088)  (-7.735, -73.597)  (22.868, -70.380)  (49.517, -54.994)  (67.605, -30.099)
step= 4  t=4.000  (72.003, 0.000)  (65.778, 29.286)  (48.180, 53.509)  (22.250, 68.479)  (-7.526, 71.609)  (-36.002, 62.357)  (-58.252, 42.322)  (-70.430, 14.970)  (-70.430, -14.970)  (-58.252, -42.322)  (-36.002, -62.357)  (-7.526, -71.609)  (22.250, -68.479)  (48.180, -53.509)  (65.778, -29.286)
step= 5  t=5.000  (70.004, 0.000)  (63.952, 28.473)  (46.842, 52.023)  (21.632, 66.578)  (-7.317, 69.620)  (-35.002, 60.625)  (-56.634, 41.147)  (-68.474, 14.555)  (-68.474, -14.555)  (-56.634, -41.147)  (-35.002, -60.625)  (-7.317, -69.620)  (21.632, -66.578)  (46.842, -52.023)  (63.952, -28.473)
step= 6  t=6.000  (68.005, 0.000)  (62.125, 27.660)  (45.504, 50.537)  (21.015, 64.676)  (-7.108, 67.632)  (-34.002, 58.894)  (-55.017, 39.972)  (-66.519, 14.139)  (-66.519, -14.139)  (-55.017, -39.972)  (-34.002, -58.894)  (-7.108, -67.632)  (21.015, -64.676)  (45.504, -50.537)  (62.125, -27.660)
step= 7  t=7.000  (66.006, 0.000)  (60.299, 26.847)  (44.166, 49.052)  (20.397, 62.775)  (-6.899, 65.644)  (-33.003, 57.162)  (-53.400, 38.797)  (-64.563, 13.723)  (-64.563, -13.723)  (-53.400, -38.797)  (-33.003, -57.162)  (-6.899, -65.644)  (20.397, -62.775)  (44.166, -49.052)  (60.299, -26.847)
step= 8  t=8.000  (64.006, 0.000)  (58.473, 26.034)  (42.829, 47.566)  (19.779, 60.874)  (-6.690, 63.656)  (-32.003, 55.431)  (-51.782, 37.622)  (-62.608, 13.308)  (-62.608, -13.308)  (-51.782, -37.622)  (-32.003, -55.431)  (-6.690, -63.656)  (19.779, -60.874)  (42.829, -47.566)  (58.473, -26.034)
step= 9  t=9.000  (62.007, 0.000)  (56.646, 25.221)  (41.491, 46.080)  (19.161, 58.972)  (-6.482, 61.667)  (-31.004, 53.700)  (-50.165, 36.447)  (-60.652, 12.892)  (-60.652, -12.892)  (-50.165, -36.447)  (-31.004, -53.700)  (-6.482, -61.667)  (19.161, -58.972)  (41.491, -46.080)  (56.646, -25.221)
step= 10  t=10.000  (60.008, 0.000)  (54.820, 24.407)  (40.153, 44.595)  (18.543, 57.071)  (-6.273, 59.679)  (-30.004, 51.968)  (-48.547, 35.272)  (-58.697, 12.476)  (-58.697, -12.476)  (-48.547, -35.272)  (-30.004, -51.968)  (-6.273, -59.679)  (18.543, -57.071)  (40.153, -44.595)  (54.820, -24.407)
step= 11  t=11.000  (58.009, 0.000)  (52.994, 23.594)  (38.815, 43.109)  (17.926, 55.170)  (-6.064, 57.691)  (-29.004, 50.237)  (-46.930, 34.097)  (-56.741, 12.061)  (-56.741, -12.061)  (-46.930, -34.097)  (-29.004, -50.237)  (-6.064, -57.691)  (17.926, -55.170)  (38.815, -43.109)  (52.994, -23.594)
step= 12  t=12.000  (56.009, 0.000)  (51.167, 22.781)  (37.478, 41.623)  (17.308, 53.268)  (-5.855, 55.703)  (-28.005, 48.506)  (-45.313, 32.922)  (-54.786, 11.645)  (-54.786, -11.645)  (-45.313, -32.922)  (-28.005, -48.506)  (-5.855, -55.703)  (17.308, -53.268)  (37.478, -41.623)  (51.167, -22.781)
step= 13  t=13.000  (54.010, 0.000)  (49.341, 21.968)  (36.140, 40.137)  (16.690, 51.367)  (-5.646, 53.714)  (-27.005, 46.774)  (-43.695, 31.746)  (-52.830, 11.229)  (-52.830, -11.229)  (-43.695, -31.746)  (-27.005, -46.774)  (-5.646, -53.714)  (16.690, -51.367)  (36.140, -40.137)  (49.341, -21.968)
step= 14  t=14.000  (52.011, 0.000)  (47.514, 21.155)  (34.802, 38.652)  (16.072, 49.465)  (-5.437, 51.726)  (-26.006, 45.043)  (-42.078, 30.571)  (-50.874, 10.814)  (-50.874, -10.814)  (-42.078, -30.571)  (-26.006, -45.043)  (-5.437, -51.726)  (16.072, -49.465)  (34.802, -38.652)  (47.514, -21.155)
step= 15  t=15.000  (50.012, 0.000)  (45.688, 20.342)  (33.464, 37.166)  (15.455, 47.564)  (-5.228, 49.738)  (-25.006, 43.312)  (-40.460, 29.396)  (-48.919, 10.398)  (-48.919, -10.398)  (-40.460, -29.396)  (-25.006, -43.312)  (-5.228, -49.738)  (15.455, -47.564)  (33.464, -37.166)  (45.688, -20.342)
step= 16  t=16.000  (48.013, 0.000)  (43.862, 19.528)  (32.127, 35.680)  (14.837, 45.663)  (-5.019, 47.750)  (-24.006, 41.580)  (-38.843, 28.221)  (-46.963, 9.982)  (-46.963, -9.982)  (-38.843, -28.221)  (-24.006, -41.580)  (-5.019, -47.750)  (14.837, -45.663)  (32.127, -35.680)  (43.862, -19.528)
step= 17  t=17.000  (46.013, 0.000)  (42.035, 18.715)  (30.789, 34.195)  (14.219, 43.761)  (-4.810, 45.761)  (-23.007, 39.849)  (-37.226, 27.046)  (-45.008, 9.567)  (-45.008, -9.567)  (-37.226, -27.046)  (-23.007, -39.849)  (-4.810, -45.761)  (14.219, -43.761)  (30.789, -34.195)  (42.035, -18.715)
step= 18  t=18.000  (44.014, 0.000)  (40.209, 17.902)  (29.451, 32.709)  (13.601, 41.860)  (-4.601, 43.773)  (-22.007, 38.117)  (-35.608, 25.871)  (-43.052, 9.151)  (-43.052, -9.151)  (-35.608, -25.871)  (-22.007, -38.117)  (-4.601, -43.773)  (13.601, -41.860)  (29.451, -32.709)  (40.209, -17.902)
step= 19  t=19.000  (42.015, 0.000)  (38.383, 17.089)  (28.114, 31.223)  (12.983, 39.959)  (-4.392, 41.785)  (-21.007, 36.386)  (-33.991, 24.696)  (-41.097, 8.735)  (-41.097, -8.735)  (-33.991, -24.696)  (-21.007, -36.386)  (-4.392, -41.785)  (12.983, -39.959)  (28.114, -31.223)  (38.383, -17.089)
step= 20  t=20.000  (40.016, 0.000)  (36.556, 16.276)  (26.776, 29.738)  (12.366, 38.057)  (-4.183, 39.797)  (-20.008, 34.655)  (-32.373, 23.521)  (-39.141, 8.320)  (-39.141, -8.320)  (-32.373, -23.521)  (-20.008, -34.655)  (-4.183, -39.797)  (12.366, -38.057)  (26.776, -29.738)  (36.556, -16.276)
step= 21  t=21.000  (38.017, 0.000)  (34.730, 15.463)  (25.438, 28.252)  (11.748, 36.156)  (-3.974, 37.808)  (-19.008, 32.923)  (-30.756, 22.346)  (-37.186, 7.904)  (-37.186, -7.904)  (-30.756, -22.346)  (-19.008, -32.923)  (-3.974, -37.808)  (11.748, -36.156)  (25.438, -28.252)  (34.730, -15.463)
step= 22  t=22.000  (36.017, 0.000)  (32.903, 14.650)  (24.100, 26.766)  (11.130, 34.255)  (-3.765, 35.820)  (-18.009, 31.192)  (-29.139, 21.170)  (-35.230, 7.488)  (-35.230, -7.488)  (-29.139, -21.170)  (-18.009, -31.192)  (-3.765, -35.820)  (11.130, -34.255)  (24.100, -26.766)  (32.904, -14.650)
step= 23  t=23.000  (34.018, 0.000)  (31.077, 13.836)  (22.763, 25.280)  (10.512, 32.353)  (-3.556, 33.832)  (-17.009, 29.461)  (-27.521, 19.995)  (-33.275, 7.073)  (-33.275, -7.073)  (-27.521, -19.995)  (-17.009, -29.461)  (-3.556, -33.832)  (10.512, -32.353)  (22.763, -25.280)  (31.077, -13.836)
step= 24  t=24.000  (32.019, 0.000)  (29.251, 13.023)  (21.425, 23.795)  (9.894, 30.452)  (-3.347, 31.844)  (-16.009, 27.729)  (-25.904, 18.820)  (-31.319, 6.657)  (-31.319, -6.657)  (-25.904, -18.820)  (-16.009, -27.729)  (-3.347, -31.844)  (9.894, -30.452)  (21.425, -23.795)  (29.251, -13.023)
step= 25  t=25.000  (30.020, 0.000)  (27.424, 12.210)  (20.087, 22.309)  (9.277, 28.550)  (-3.138, 29.855)  (-15.010, 25.998)  (-24.286, 17.645)  (-29.364, 6.241)  (-29.364, -6.241)  (-24.286, -17.645)  (-15.010, -25.998)  (-3.138, -29.855)  (9.277, -28.550)  (20.087, -22.309)  (27.424, -12.210)
step= 26  t=26.000  (28.021, 0.000)  (25.598, 11.397)  (18.749, 20.823)  (8.659, 26.649)  (-2.929, 27.867)  (-14.010, 24.266)  (-22.669, 16.470)  (-27.408, 5.826)  (-27.408, -5.826)  (-22.669, -16.470)  (-14.010, -24.266)  (-2.929, -27.867)  (8.659, -26.649)  (18.749, -20.823)  (25.598, -11.397)
step= 27  t=27.000  (26.021, 0.000)  (23.772, 10.584)  (17.412, 19.338)  (8.041, 24.748)  (-2.720, 25.879)  (-13.011, 22.535)  (-21.052, 15.295)  (-25.453, 5.410)  (-25.453, -5.410)  (-21.052, -15.295)  (-13.011, -22.535)  (-2.720, -25.879)  (8.041, -24.748)  (17.412, -19.338)  (23.772, -10.584)
step= 28  t=28.000  (24.022, 0.000)  (21.945, 9.771)  (16.074, 17.852)  (7.423, 22.846)  (-2.511, 23.891)  (-12.011, 20.804)  (-19.434, 14.120)  (-23.497, 4.994)  (-23.497, -4.994)  (-19.434, -14.120)  (-12.011, -20.804)  (-2.511, -23.890)  (7.423, -22.846)  (16.074, -17.852)  (21.945, -9.771)
step= 29  t=29.000  (22.023, 0.000)  (20.119, 8.958)  (14.736, 16.366)  (6.806, 20.945)  (-2.302, 21.903)  (-11.012, 19.073)  (-17.817, 12.945)  (-21.542, 4.579)  (-21.542, -4.579)  (-17.817, -12.945)  (-11.012, -19.073)  (-2.302, -21.902)  (6.805, -20.945)  (14.736, -16.366)  (20.119, -8.958)
step= 30  t=30.000  (20.024, 0.000)  (18.293, 8.144)  (13.398, 14.880)  (6.188, 19.044)  (-2.093, 19.915)  (-10.012, 17.341)  (-16.199, 11.770)  (-19.586, 4.163)  (-19.586, -4.163)  (-16.199, -11.770)  (-10.012, -17.341)  (-2.093, -19.914)  (6.188, -19.043)  (13.398, -14.880)  (18.293, -8.144)
step= 31  t=31.000  (18.025, 0.000)  (16.466, 7.331)  (12.061, 13.395)  (5.570, 17.143)  (-1.884, 17.926)  (-9.012, 15.610)  (-14.582, 10.594)  (-17.631, 3.748)  (-17.631, -3.747)  (-14.582, -10.594)  (-9.012, -15.610)  (-1.884, -17.925)  (5.570, -17.142)  (12.061, -13.395)  (16.466, -7.331)
step= 32  t=32.000  (16.025, 0.000)  (14.640, 6.518)  (10.723, 11.909)  (4.952, 15.241)  (-1.675, 15.938)  (-8.013, 13.878)  (-12.964, 9.419)  (-15.675, 3.332)  (-15.675, -3.332)  (-12.964, -9.419)  (-8.013, -13.878)  (-1.675, -15.937)  (4.952, -15.241)  (10.723, -11.909)  (14.640, -6.518)
step= 33  t=33.000  (14.209, 0.030)  (12.874, 5.750)  (9.401, 10.453)  (4.450, 13.775)  (-1.540, 14.573)  (-7.100, 12.302)  (-11.458, 8.293)  (-13.889, 2.972)  (-13.967, -2.962)  (-11.473, -8.295)  (-7.104, -12.295)  (-1.482, -14.002)  (4.358, -13.401)  (9.422, -10.461)  (12.967, -5.745)
step= 34  t=34.000  (12.540, 0.105)  (13.477, 7.657)  (8.025, 9.068)  (3.844, 12.235)  (-1.434, 13.102)  (-6.031, 10.679)  (-9.868, 7.079)  (-12.398, 2.755)  (-12.352, -2.597)  (-9.905, -7.052)  (-6.255, -10.777)  (-1.315, -12.009)  (3.810, -11.702)  (8.283, -9.284)  (11.399, -5.035)
step= 35  t=35.000  (10.640, 0.354)  (12.835, 8.271)  (6.689, 7.581)  (3.285, 10.718)  (-1.490, 11.523)  (-4.845, 9.077)  (-8.325, 5.807)  (-10.797, 2.621)  (-10.730, -2.214)  (-8.440, -5.844)  (-5.425, -9.269)  (-1.170, -10.060)  (3.150, -10.091)  (7.176, -8.134)  (9.581, -4.201)
step= 36  t=36.000  (8.888, 0.581)  (11.632, 8.072)  (5.255, 6.186)  (2.737, 9.237)  (-1.583, 9.884)  (-3.637, 7.492)  (-6.811, 4.500)  (-9.238, 2.527)  (-9.242, -1.852)  (-7.044, -4.671)  (-4.588, -7.689)  (-1.029, -8.162)  (2.386, -8.646)  (6.159, -6.853)  (7.774, -3.343)
step= 37  t=37.000  (7.183, 0.891)  (10.125, 7.451)  (3.848, 4.766)  (2.214, 7.762)  (-1.707, 8.241)  (-2.645, 6.023)  (-5.257, 3.242)  (-7.756, 2.513)  (-7.786, -1.623)  (-5.744, -3.489)  (-3.783, -6.139)  (-0.830, -6.343)  (1.677, -7.228)  (5.113, -5.569)  (6.035, -2.518)
step= 38  t=38.000  (5.561, 1.635)  (8.455, 6.607)  (2.441, 3.344)  (1.603, 6.267)  (-1.714, 6.538)  (-1.810, 4.616)  (-3.724, 1.957)  (-6.551, 2.558)  (-6.411, -1.359)  (-4.520, -2.309)  (-2.994, -4.619)  (-0.581, -4.594)  (0.993, -5.872)  (4.123, -4.389)  (4.336, -1.544)
step= 39  t=39.000  (4.030, 2.375)  (6.652, 5.742)  (1.038, 1.987)  (0.977, 5.014)  (-1.859, 4.798)  (-0.719, 3.269)  (-2.317, 0.733)  (-5.416, 2.625)  (-5.025, -1.040)  (-3.382, -1.176)  (-2.191, -3.192)  (-0.262, -2.940)  (0.376, -4.829)  (3.186, -3.292)  (2.603, -0.546)
step= 40  t=40.000  (2.540, 3.346)  (4.900, 5.318)  (-0.318, 0.517)  (0.289, 3.966)  (-2.059, 3.145)  (0.182, 2.197)  (-0.931, -0.401)  (-5.041, 2.996)  (-3.685, -0.610)  (-2.370, -0.191)  (-1.484, -1.937)  (0.235, -1.470)  (0.036, -6.761)  (2.316, -2.203)  (0.870, 0.453)
step= 41  t=41.000  (1.086, 4.605)  (3.155, 5.045)  (-1.178, -0.410)  (-0.504, 3.339)  (-2.692, 1.706)  (1.680, 1.256)  (0.311, -1.968)  (-5.252, 3.630)  (-3.664, -1.366)  (-1.794, 0.731)  (-1.078, -1.171)  (0.674, -0.317)  (-0.005, -7.533)  (1.648, -1.210)  (-0.768, 1.600)
step= 42  t=42.000  (-0.498, 5.707)  (1.464, 4.922)  (-2.088, -1.268)  (-1.077, 3.089)  (-3.523, 0.271)  (3.306, 0.403)  (1.885, -3.203)  (-5.908, 4.553)  (-3.515, -2.498)  (-0.970, 1.507)  (-0.100, -1.306)  (1.203, 1.341)  (0.281, -7.668)  (1.840, -0.868)  (-2.577, 2.454)
step= 43  t=43.000  (-2.150, 6.835)  (-0.271, 4.803)  (-2.736, -1.999)  (-2.030, 2.421)  (-4.498, -1.007)  (4.496, -0.684)  (3.525, -4.347)  (-6.199, 5.439)  (-3.090, -3.897)  (-0.061, 2.038)  (0.203, -1.052)  (1.631, 3.295)  (0.247, -7.106)  (2.169, -0.274)  (-4.416, 3.239)
step= 44  t=44.000  (-3.790, 7.979)  (-2.136, 4.330)  (-3.618, -3.160)  (-2.822, 1.577)  (-5.507, -2.471)  (5.275, -2.190)  (5.165, -5.490)  (-5.619, 6.230)  (-2.677, -4.923)  (1.319, 2.804)  (0.128, -0.218)  (1.807, 5.287)  (-0.049, -6.166)  (2.289, 0.370)  (-6.255, 4.023)
step= 45  t=45.000  (-5.419, 9.139)  (-3.915, 3.416)  (-4.647, -4.732)  (-3.241, 0.272)  (-6.537, -4.089)  (6.147, -3.928)  (6.805, -6.634)  (-4.443, 6.829)  (-2.422, -5.447)  (2.959, 3.947)  (0.222, 1.080)  (1.983, 7.278)  (-0.493, -4.863)  (2.336, 1.314)  (-8.094, 4.808)
step= 46  t=46.000  (-6.907, 9.682)  (-5.689, 2.494)  (-5.681, -6.306)  (-3.751, -1.615)  (-7.577, -5.636)  (7.067, -5.704)  (8.445, -7.778)  (-2.575, 7.299)  (-2.231, -5.690)  (4.599, 5.091)  (0.313, 2.416)  (2.158, 9.270)  (-1.066, -2.947)  (2.379, 2.392)  (-9.933, 5.593)
step= 47  t=47.000  (-8.441, 9.625)  (-7.463, 1.572)  (-6.747, -7.858)  (-4.293, -3.540)  (-8.639, -7.231)  (7.986, -7.479)  (10.084, -8.921)  (-0.590, 7.542)  (-0.304, -5.155)  (6.239, 6.235)  (0.449, 3.982)  (2.334, 11.262)  (-1.640, -1.032)  (2.385, 3.439)  (-11.772, 6.378)
step= 48  t=48.000  (-10.367, 9.337)  (-9.237, 0.649)  (-7.835, -9.408)  (-4.835, -5.464)  (-9.706, -8.744)  (8.906, -9.254)  (11.724, -10.064)  (1.407, 7.654)  (1.622, -4.621)  (7.879, 7.379)  (0.636, 5.634)  (2.510, 13.254)  (-2.213, 0.884)  (2.265, 4.340)  (-13.611, 7.162)
step= 49  t=49.000  (-12.348, 9.072)  (-11.011, -0.273)  (-8.927, -10.973)  (-5.377, -7.389)  (-10.750, -10.136)  (9.825, -11.029)  (13.363, -11.208)  (3.406, 7.711)  (3.549, -4.087)  (9.519, 8.522)  (1.006, 7.171)  (2.686, 15.245)  (-2.786, 2.799)  (1.570, 5.129)  (-15.449, 7.946)
step= 50  t=50.000  (-14.329, 8.806)  (-12.786, -1.195)  (-10.064, -12.565)  (-5.919, -9.313)  (-11.652, -11.275)  (10.744, -12.803)  (15.003, -12.351)  (5.308, 7.092)  (5.475, -3.552)  (11.159, 9.666)  (2.069, 8.864)  (2.861, 17.236)  (-3.360, 4.714)  (0.627, 6.157)  (-17.287, 8.731)
step= 51  t=51.000  (-16.310, 8.540)  (-14.559, -2.117)  (-11.313, -14.127)  (-6.461, -11.237)  (-12.001, -12.062)  (11.664, -14.578)  (16.643, -13.494)  (7.209, 6.474)  (7.401, -3.018)  (12.798, 10.810)  (3.132, 10.557)  (3.037, 19.227)  (-3.933, 6.629)  (-0.474, 7.268)  (-19.126, 9.515)
step= 52  t=52.000  (-18.291, 8.275)  (-16.333, -3.039)  (-12.675, -15.590)  (-7.002, -13.161)  (-12.053, -13.166)  (12.583, -16.353)  (18.282, -14.638)  (9.110, 5.856)  (9.327, -2.484)  (14.438, 11.953)  (4.196, 12.251)  (3.213, 21.218)  (-4.506, 8.544)  (-1.676, 8.448)  (-20.964, 10.300)
step= 53  t=53.000  (-20.272, 8.009)  (-18.107, -3.961)  (-14.037, -17.052)  (-7.544, -15.085)  (-11.770, -14.381)  (13.503, -18.128)  (19.922, -15.781)  (10.993, 5.326)  (11.256, -1.957)  (16.077, 13.097)  (5.258, 13.944)  (3.389, 23.209)  (-5.079, 10.459)  (-2.937, 9.673)  (-22.803, 11.084)
step= 54  t=54.000  (-22.253, 7.743)  (-19.881, -4.883)  (-15.400, -18.515)  (-8.086, -17.009)  (-11.362, -15.744)  (14.422, -19.903)  (21.561, -16.925)  (12.773, 4.845)  (13.196, -1.470)  (17.717, 14.240)  (6.321, 15.637)  (3.564, 25.201)  (-5.652, 12.374)  (-4.246, 10.942)  (-24.641, 11.869)
step= 55  t=55.000  (-24.234, 7.478)  (-21.655, -5.805)  (-16.762, -19.978)  (-8.628, -18.933)  (-10.877, -17.221)  (15.341, -21.678)  (23.201, -18.068)  (14.464, 4.282)  (15.143, -1.014)  (19.357, 15.384)  (7.384, 17.330)  (3.740, 27.192)  (-6.225, 14.289)  (-5.584, 12.239)  (-26.480, 12.653)
step= 56  t=56.000  (-26.215, 7.212)  (-23.429, -6.728)  (-18.125, -21.440)  (-9.170, -20.858)  (-10.330, -18.811)  (16.261, -23.453)  (24.841, -19.211)  (16.146, 3.716)  (17.078, -0.508)  (20.997, 16.527)  (8.447, 19.023)  (3.916, 29.183)  (-6.799, 16.204)  (-7.008, 13.642)  (-28.318, 13.438)
step= 57  t=57.000  (-28.197, 6.947)  (-25.203, -7.650)  (-19.487, -22.903)  (-9.711, -22.782)  (-9.736, -20.573)  (17.180, -25.228)  (26.480, -20.355)  (17.805, 3.159)  (19.010, 0.008)  (22.636, 17.671)  (9.510, 20.716)  (4.092, 31.175)  (-7.372, 18.119)  (-8.432, 15.044)  (-30.157, 14.222)
step= 58  t=58.000  (-30.178, 6.681)  (-26.977, -8.572)  (-20.849, -24.366)  (-10.253, -24.705)  (-9.150, -22.484)  (18.100, -27.003)  (28.120, -21.498)  (19.449, 2.607)  (20.935, 0.548)  (24.276, 18.815)  (10.573, 22.409)  (4.267, 33.166)  (-7.945, 20.034)  (-9.856, 16.447)  (-31.995, 15.007)
step= 59  t=59.000  (-32.159, 6.415)  (-28.750, -9.494)  (-22.212, -25.829)  (-10.795, -26.629)  (-8.564, -24.395)  (19.019, -28.778)  (29.760, -22.642)  (21.063, 2.068)  (22.859, 1.088)  (25.916, 19.958)  (11.636, 24.102)  (4.443, 35.158)  (-8.518, 21.949)  (-11.281, 17.849)  (-33.834, 15.791)
step= 60  t=60.000  (-34.140, 6.150)  (-30.524, -10.416)  (-23.575, -27.292)  (-11.337, -28.553)  (-7.977, -26.306)  (19.939, -30.553)  (31.400, -23.785)  (22.657, 1.537)  (24.784, 1.628)  (27.556, 21.102)  (12.699, 25.796)  (4.619, 37.149)  (-9.091, 23.864)  (-12.705, 19.252)  (-35.672, 16.576)
step= 61  t=61.000  (-36.121, 5.884)  (-32.298, -11.338)  (-24.937, -28.754)  (-11.879, -30.477)  (-7.391, -28.216)  (20.858, -32.328)  (33.039, -24.929)  (24.557, 0.916)  (26.709, 2.168)  (29.195, 22.246)  (13.762, 27.489)  (4.795, 39.141)  (-9.664, 25.779)  (-14.129, 20.654)  (-37.511, 17.360)
step= 62  t=62.000  (-38.103, 5.618)  (-34.072, -12.260)  (-26.300, -30.217)  (-12.420, -32.402)  (-6.805, -30.127)  (21.778, -34.104)  (34.679, -26.073)  (26.457, 0.295)  (28.633, 2.708)  (30.835, 23.389)  (14.825, 29.182)  (4.970, 41.132)  (-10.238, 27.694)  (-15.553, 22.057)  (-39.350, 18.145)
step= 63  t=63.000  (-40.084, 5.352)  (-35.846, -13.182)  (-27.663, -31.680)  (-12.962, -34.326)  (-6.218, -32.038)  (22.697, -35.879)  (36.319, -27.216)  (28.357, -0.326)  (30.558, 3.248)  (32.475, 24.533)  (15.888, 30.875)  (5.146, 43.124)  (-10.811, 29.608)  (-16.978, 23.459)  (-41.189, 18.930)
step= 64  t=64.000  (-42.066, 5.087)  (-37.620, -14.104)  (-29.025, -33.143)  (-13.504, -36.250)  (-5.632, -33.949)  (23.617, -37.654)  (37.959, -28.360)  (30.257, -0.947)  (32.482, 3.788)  (34.115, 25.677)  (16.951, 32.568)  (5.322, 45.115)  (-11.384, 31.523)  (-18.402, 24.861)  (-43.028, 19.714)
step= 65  t=65.000  (-44.047, 4.821)  (-39.394, -15.026)  (-30.388, -34.606)  (-14.046, -38.174)  (-5.046, -35.860)  (24.536, -39.429)  (39.599, -29.503)  (32.157, -1.568)  (34.407, 4.329)  (35.755, 26.820)  (18.014, 34.261)  (5.498, 47.107)  (-11.957, 33.438)  (-19.826, 26.264)  (-44.866, 20.499)
step= 66  t=66.000  (-46.029, 4.555)  (-41.167, -15.948)  (-31.750, -36.069)  (-14.588, -40.098)  (-4.460, -37.771)  (25.456, -41.204)  (41.239, -30.647)  (34.057, -2.189)  (36.331, 4.869)  (37.394, 27.964)  (19.077, 35.955)  (5.674, 49.098)  (-12.530, 35.354)  (-21.251, 27.667)  (-46.705, 21.283)
step= 67  t=67.000  (-48.010, 4.290)  (-42.941, -16.870)  (-33.113, -37.532)  (-15.129, -42.022)  (-3.873, -39.683)  (26.375, -42.979)  (42.879, -31.790)  (35.957, -2.810)  (38.256, 5.409)  (39.034, 29.108)  (20.140, 37.648)  (5.849, 51.089)  (-13.104, 37.269)  (-22.675, 29.069)  (-48.544, 22.068)
step= 68  t=68.000  (-49.992, 4.024)  (-44.715, -17.793)  (-34.476, -38.995)  (-15.671, -43.947)  (-3.287, -41.594)  (27.295, -44.755)  (44.518, -32.934)  (37.857, -3.431)  (40.180, 5.949)  (40.674, 30.251)  (21.203, 39.341)  (6.025, 53.081)  (-13.677, 39.184)  (-24.100, 30.472)  (-50.383, 22.853)
step= 69  t=69.000  (-51.973, 3.758)  (-46.489, -18.715)  (-35.838, -40.458)  (-16.213, -45.871)  (-2.700, -43.505)  (28.215, -46.530)  (46.158, -34.078)  (39.757, -4.052)  (42.105, 6.489)  (42.314, 31.395)  (22.266, 41.034)  (6.201, 55.072)  (-14.250, 41.099)  (-25.524, 31.875)  (-52.222, 23.637)
step= 70  t=70.000  (-53.955, 3.493)  (-48.263, -19.637)  (-37.201, -41.921)  (-16.755, -47.795)  (-2.114, -45.416)  (29.134, -48.305)  (47.798, -35.221)  (41.657, -4.673)  (44.030, 7.029)  (43.954, 32.539)  (23.329, 42.727)  (6.377, 57.064)  (-14.823, 43.015)  (-26.949, 33.277)  (-54.060, 24.422)
step= 71  t=71.000  (-55.936, 3.227)  (-50.037, -20.559)  (-38.564, -43.383)  (-17.297, -49.720)  (-1.528, -47.328)  (30.054, -50.080)  (49.438, -36.365)  (43.557, -5.294)  (45.955, 7.569)  (45.593, 33.682)  (24.392, 44.421)  (6.552, 59.055)  (-15.397, 44.930)  (-28.373, 34.680)  (-55.899, 25.206)
step= 72  t=72.000  (-57.918, 2.961)  (-51.811, -21.481)  (-39.926, -44.846)  (-17.839, -51.644)  (-0.941, -49.239)  (30.973, -51.855)  (51.078, -37.508)  (45.458, -5.915)  (47.879, 8.109)  (47.233, 34.826)  (25.455, 46.114)  (6.728, 61.047)  (-15.970, 46.845)  (-29.798, 36.083)  (-57.738, 25.991)
step= 73  t=73.000  (-59.899, 2.695)  (-53.585, -22.403)  (-41.289, -46.309)  (-18.381, -53.568)  (-0.355, -51.150)  (31.893, -53.631)  (52.718, -38.652)  (47.358, -6.536)  (49.804, 8.650)  (48.873, 35.970)  (26.518, 47.807)  (6.904, 63.038)  (-16.543, 48.760)  (-31.223, 37.485)  (-59.577, 26.776)
step= 74  t=74.000  (-61.881, 2.430)  (-55.358, -23.325)  (-42.651, -47.772)  (-18.923, -55.493)  (0.232, -53.061)  (32.812, -55.406)  (54.357, -39.795)  (49.258, -7.157)  (51.729, 9.190)  (50.513, 37.113)  (27.581, 49.500)  (7.080, 65.030)  (-17.116, 50.676)  (-32.647, 38.888)  (-61.416, 27.560)
step= 75  t=75.000  (-63.862, 2.164)  (-57.132, -24.247)  (-44.014, -49.235)  (-19.465, -57.417)  (0.818, -54.973)  (33.732, -57.181)  (55.997, -40.939)  (51.158, -7.778)  (53.654, 9.730)  (52.152, 38.257)  (28.644, 51.193)  (7.255, 67.021)  (-17.690, 52.591)  (-34.072, 40.291)  (-63.255, 28.345)
step= 76  t=76.000  (-65.844, 1.898)  (-58.906, -25.169)  (-45.377, -50.698)  (-20.007, -59.341)  (1.404, -56.884)  (34.651, -58.956)  (57.637, -42.083)  (53.059, -8.399)  (55.579, 10.270)  (53.792, 39.400)  (29.707, 52.887)  (7.431, 69.013)  (-18.263, 54.506)  (-35.496, 41.694)  (-65.093, 29.130)
step= 77  t=77.000  (-67.825, 1.633)  (-60.680, -26.091)  (-46.739, -52.161)  (-20.548, -61.266)  (1.991, -58.795)  (35.571, -60.731)  (59.277, -43.226)  (54.959, -9.020)  (57.504, 10.810)  (55.432, 40.544)  (30.770, 54.580)  (7.607, 71.004)  (-18.836, 56.422)  (-36.921, 43.096)  (-66.932, 29.914)
step= 78  t=78.000  (-69.806, 1.367)  (-62.454, -27.013)  (-48.102, -53.624)  (-21.090, -63.190)  (2.577, -60.707)  (36.490, -62.507)  (60.917, -44.370)  (56.859, -9.641)  (59.429, 11.351)  (57.072, 41.688)  (31.833, 56.273)  (7.783, 72.996)  (-19.409, 58.337)  (-38.345, 44.499)  (-68.771, 30.699)
step= 79  t=79.000  (-71.788, 1.101)  (-64.228, -27.936)  (-49.465, -55.087)  (-21.632, -65.115)  (3.164, -62.618)  (37.410, -64.282)  (62.557, -45.513)  (58.760, -10.262)  (61.353, 11.891)  (58.712, 42.831)  (32.896, 57.966)  (7.959, 74.987)  (-19.983, 60.252)  (-39.770, 45.902)  (-70.610, 31.483)
step= 80  t=80.000  (-73.769, 0.835)  (-66.002, -28.858)  (-50.827, -56.550)  (-22.174, -67.039)  (3.750, -64.529)  (38.329, -66.057)  (64.197, -46.657)  (60.660, -10.883)  (63.278, 12.431)  (60.351, 43.975)  (33.959, 59.659)  (8.134, 76.979)  (-20.556, 62.167)  (-41.194, 47.304)  (-72.449, 32.268)
step= 81  t=81.000  (-75.751, 0.570)  (-67.775, -29.780)  (-52.190, -58.012)  (-22.716, -68.963)  (4.337, -66.440)  (39.249, -67.832)  (64.721, -47.023)  (62.560, -11.505)  (65.203, 12.971)  (61.991, 45.119)  (35.022, 61.353)  (8.310, 78.970)  (-21.129, 64.083)  (-42.619, 48.707)  (-73.084, 32.539)
step= 82  t=82.000  (-77.732, 0.304)  (-69.549, -30.702)  (-53.530, -59.452)  (-23.258, -70.888)  (4.923, -68.352)  (40.000, -69.282)  (64.721, -47.023)  (64.461, -12.126)  (67.128, 13.511)  (63.631, 46.262)  (36.085, 63.046)  (8.362, 79.562)  (-21.702, 65.998)  (-44.043, 50.110)  (-73.084, 32.539)
step= 83  t=83.000  (-79.714, 0.038)  (-71.323, -31.624)  (-53.530, -59.452)  (-23.800, -72.812)  (5.509, -70.263)  (40.000, -69.282)  (64.721, -47.023)  (66.361, -12.747)  (69.053, 14.051)  (64.721, 47.023)  (37.148, 64.739)  (8.362, 79.562)  (-22.276, 67.913)  (-45.468, 51.512)  (-73.084, 32.539)
step= 84  t=84.000  (-80.000, 0.000)  (-73.084, -32.539)  (-53.530, -59.452)  (-24.342, -74.736)  (6.096, -72.174)  (40.000, -69.282)  (64.721, -47.023)  (68.261, -13.368)  (70.978, 14.592)  (64.721, 47.023)  (38.211, 66.432)  (8.362, 79.562)  (-22.849, 69.828)  (-46.892, 52.915)  (-73.084, 32.539)
step= 85  t=85.000  (-80.000, 0.000)  (-73.084, -32.539)  (-53.530, -59.452)  (-24.721, -76.085)  (6.682, -74.085)  (40.000, -69.282)  (64.721, -47.023)  (70.161, -13.989)  (72.903, 15.132)  (64.721, 47.023)  (39.274, 68.125)  (8.362, 79.562)  (-23.422, 71.744)  (-48.317, 54.318)  (-73.084, 32.539)
step= 86  t=86.000  (-80.000, 0.000)  (-73.084, -32.539)  (-53.530, -59.452)  (-24.721, -76.085)  (7.269, -75.997)  (40.000, -69.282)  (64.721, -47.023)  (72.062, -14.610)  (74.827, 15.672)  (64.721, 47.023)  (40.000, 69.282)  (8.362, 79.562)  (-23.995, 73.659)  (-49.741, 55.721)  (-73.084, 32.539)
step= 87  t=87.000  (-80.000, 0.000)  (-73.084, -32.539)  (-53.530, -59.452)  (-24.721, -76.085)  (7.855, -77.908)  (40.000, -69.282)  (64.721, -47.023)  (73.962, -15.231)  (76.752, 16.212)  (64.721, 47.023)  (40.000, 69.282)  (8.362, 79.562)  (-24.569, 75.574)  (-51.166, 57.123)  (-73.084, 32.539)
step= 88  t=88.000  (-80.000, 0.000)  (-73.084, -32.539)  (-53.530, -59.452)  (-24.721, -76.085)  (8.362, -79.562)  (40.000, -69.282)  (64.721, -47.023)  (75.862, -15.852)  (78.252, 16.633)  (64.721, 47.023)  (40.000, 69.282)  (8.362, 79.562)  (-24.721, 76.085)  (-52.590, 58.526)  (-73.084, 32.539)
step= 89  t=89.000  (-80.000, 0.000)  (-73.084, -32.539)  (-53.530, -59.452)  (-24.721, -76.085)  (8.362, -79.562)  (40.000, -69.282)  (64.721, -47.023)  (77.763, -16.473)  (78.252, 16.633)  (64.721, 47.023)  (40.000, 69.282)  (8.362, 79.562)  (-24.721, 76.085)  (-53.531, 59.452)  (-73.084, 32.539)
step= 90  t=90.000  (-80.000, 0.000)  (-73.084, -32.539)  (-53.530, -59.452)  (-24.721, -76.085)  (8.362, -79.562)  (40.000, -69.282)  (64.721, -47.023)  (78.252, -16.633)  (78.252, 16.633)  (64.721, 47.023)  (40.000, 69.282)  (8.362, 79.562)  (-24.721, 76.085)  (-53.531, 59.452)  (-73.084, 32.539)
