Simulation has 15 agents and 0 obstacle vertices in it.
Running simulation
step= 0  t=0.000  (80.000, 0.000)  (73.084, 32.539)  (53.530, 59.452)  (24.721, 76.085)  (-8.362, 79.562)  (-40.000, 69.282)  (-64.721, 47.023)  (-78.252, 16.633)  (-78.252, -16.633)  (-64.721, -47.023)  (-40.000, -69.282)  (-8.362, -79.562)  (24.721, -76.085)  (53.530, -59.452)  (73.084, -32.539)
step= 1  t=1.000  (78.001, 0.000)  (71.257, 31.726)  (52.193, 57.966)  (24.104, 74.183)  (-8.153, 77.573)  (-39.000, 67.551)  (-63.104, 45.848)  (-76.296, 16.217)  (-76.296, -16.217)  (-63.104, -45.848)  (-39.000, -67.551)  (-8.153, -77.573)  (24.104, -74.183)  (52.193, -57.966)  (71.257, -31.726)
step= 2  t=2.000  (76.002, 0.000)  (69.431, 30.913)  (50.855, 56.480)  (23.486, 72.282)  (-7.944, 75.585)  (-38.001, 65.819)  (-61.487, 44.673)  (-74.341, 15.802)  (-74.341, -15.802)  (-61.487, -44.673)  (-38.001, -65.819)  (-7.944, -75.585)  (23.486, -72.282)  (50.855, -56.480)  (69.431, -30.913)
step= 3  t=3.000  (74.002, 0.000)  (67.605, 30.099)  (49.517, 54.994)  (22.868, 70.380)  (-7.735, 73.597)  (-37.001, 64.088)  (-59.869, 43.497)  (-72.385, 15.386)  (-72.385, -15.386)  (-59.869, -43.498)  (-37.001, -64.088)  (-7.735, -73.597)  (22.868, -70.380)  (49.517, -54.994)  (67.605, -30.099)
step= 4  t=4.000  (72.003, 0.000)  (65.778, 29.286)  (48.180, 53.509)  (22.250, 68.479)  (-7.526, 71.609)  (-36.002, 62.357)  (-58.252, 42.322)  (-70.430, 14.970)  (-70.430, -14.970)  (-58.252, -42.322)  (-36.002, -62.357)  (-7.526, -71.609)  (22.250, -68.479)  (48.180, -53.509)  (65.778, -29.286)
step= 5  t=5.000  (70.004, 0.000)  (63.952, 28.473)  (46.842, 52.023)  (21.632, 66.578)  (-7.317, 69.620)  (-35.002, 60.625)  (-56.634, 41.147)  (-68.474, 14.555)  (-68.474, -14.555)  (-56.634, -41.147)  (-35.002, -60.625)  (-7.317, -69.620)  (21.632, -66.578)  (46.842, -52.023)  (63.952, -28.473)
step= 6  t=6.000  (68.005, 0.000)  (62.125, 27.660)  (45.504, 50.537)  (21.015, 64.676)  (-7.108, 67.632)  (-34.002, 58.894)  (-55.017, 39.972)  (-66.519, 14.139)  (-66.519, -14.139)  (-55.017, -39.972)  (-34.002, -58.894)  (-7.108, -67.632)  (21.015, -64.676)  (45.504, -50.537)  (62.125, -27.660)
step= 7  t=7.000  (66.006, 0.000)  (60.299, 26.847)  (44.166, 49.052)  (20.397, 62.775)  (-6.899, 65.644)  (-33.003, 57.162)  (-53.400, 38.797)  (-64.563, 13.723)  (-64.563, -13.723)  (-53.400, -38.797)  (-33.003, -57.162)  (-6.899, -65.644)  (20.397, -62.775)  (44.166, -49.052)  (60.299, -26.847)
step= 8  t=8.000  (64.006, 0.000)  (58.473, 26.034)  (42.829, 47.566)  (19.779, 60.874)  (-6.690, 63.656)  (-32.003, 55.431)  (-51.782, 37.622)  (-62.608, 13.308)  (-62.608, -13.308)  (-51.782, -37.622)  (-32.003, -55.431)  (-6.690, -63.656)  (19.779, -60.874)  (42.829, -47.566)  (58.473, -26.034)
step= 9  t=9.000  (62.007, 0.000)  (56.646, 25.221)  (41.491, 46.080)  (19.161, 58.972)  (-6.482, 61.667)  (-31.004, 53.700)  (-50.165, 36.447)  (-60.652, 12.892)  (-60.652, -12.892)  (-50.165, -36.447)  (-31.004, -53.700)  (-6.482, -61.667)  (19.161, -58.972)  (41.491, -46.080)  (56.646, -25.221)
step= 10  t=10.000  (60.008, 0.000)  (54.820, 24.407)  (40.153, 44.595)  (18.543, 57.071)  (-6.273, 59.679)  (-30.004, 51.968)  (-48.547, 35.272)  (-58.697, 12.476)  (-58.697, -12.476)  (-48.547, -35.272)  (-30.004, -51.968)  (-6.273, -59.679)  (18.543, -57.071)  (40.153, -44.595)  (54.820, -24.407)
step= 11  t=11.000  (58.009, 0.000)  (52.994, 23.594)  (38.815, 43.109)  (17.926, 55.170)  (-6.064, 57.691)  (-29.004, 50.237)  (-46.930, 34.097)  (-56.741, 12.061)  (-56.741, -12.061)  (-46.930, -34.097)  (-29.004, -50.237)  (-6.064, -57.691)  (17.926, -55.170)  (38.815, -43.109)  (52.994, -23.594)
step= 12  t=12.000  (56.009, 0.000)  (51.167, 22.781)  (37.478, 41.623)  (17.308, 53.268)  (-5.855, 55.703)  (-28.005, 48.506)  (-45.313, 32.922)  (-54.786, 11.645)  (-54.786, -11.645)  (-45.313, -32.922)  (-28.005, -48.506)  (-5.855, -55.703)  (17.308, -53.268)  (37.478, -41.623)  (51.167, -22.781)
step= 13  t=13.000  (54.010, 0.000)  (49.341, 21.968)  (36.140, 40.137)  (16.690, 51.367)  (-5.646, 53.714)  (-27.005, 46.774)  (-43.695, 31.746)  (-52.830, 11.229)  (-52.830, -11.229)  (-43.695, -31.746)  (-27.005, -46.774)  (-5.646, -53.714)  (16.690, -51.367)  (36.140, -40.137)  (49.341, -21.968)
step= 14  t=14.000  (52.011, 0.000)  (47.514, 21.155)  (34.802, 38.652)  (16.072, 49.465)  (-5.437, 51.726)  (-26.006, 45.043)  (-42.078, 30.571)  (-50.874, 10.814)  (-50.874, -10.814)  (-42.078, -30.571)  (-26.006, -45.043)  (-5.437, -51.726)  (16.072, -49.465)  (34.802, -38.652)  (47.514, -21.155)
step= 15  t=15.000  (50.012, 0.000)  (45.688, 20.342)  (33.464, 37.166)  (15.455, 47.564)  (-5.228, 49.738)  (-25.006, 43.312)  (-40.460, 29.396)  (-48.919, 10.398)  (-48.919, -10.398)  (-40.460, -29.396)  (-25.006, -43.312)  (-5.228, -49.738)  (15.455, -47.564)  (33.464, -37.166)  (45.688, -20.342)
step= 16  t=16.000  (48.013, 0.000)  (43.862, 19.528)  (32.127, 35.680)  (14.837, 45.663)  (-5.019, 47.750)  (-24.006, 41.580)  (-38.843, 28.221)  (-46.963, 9.982)  (-46.963, -9.982)  (-38.843, -28.221)  (-24.006, -41.580)  (-5.019, -47.750)  (14.837, -45.663)  (32.127, -35.680)  (43.862, -19.528)
step= 17  t=17.000  (46.013, 0.000)  (42.035, 18.715)  (30.789, 34.195)  (14.219, 43.761)  (-4.810, 45.761)  (-23.007, 39.849)  (-37.226, 27.046)  (-45.008, 9.567)  (-45.008, -9.567)  (-37.226, -27.046)  (-23.007, -39.849)  (-4.810, -45.761)  (14.219, -43.761)  (30.789, -34.195)  (42.035, -18.715)
step= 18  t=18.000  (44.014, 0.000)  (40.209, 17.902)  (29.451, 32.709)  (13.601, 41.860)  (-4.601, 43.773)  (-22.007, 38.117)  (-35.608, 25.871)  (-43.052, 9.151)  (-43.052, -9.151)  (-35.608, -25.871)  (-22.007, -38.117)  (-4.601, -43.773)  (13.601, -41.860)  (29.451, -32.709)  (40.209, -17.902)
step= 19  t=19.000  (42.015, 0.000)  (38.383, 17.089)  (28.114, 31.223)  (12.983, 39.959)  (-4.392, 41.785)  (-21.007, 36.386)  (-33.991, 24.696)  (-41.097, 8.735)  (-41.097, -8.735)  (-33.991, -24.696)  (-21.007, -36.386)  (-4.392, -41.785)  (12.983, -39.959)  (28.114, -31.223)  (38.383, -17.089)
step= 20  t=20.000  (40.016, 0.000)  (36.556, 16.276)  (26.776, 29.738)  (12.366, 38.057)  (-4.183, 39.797)  (-20.008, 34.655)  (-32.373, 23.521)  (-39.141, 8.320)  (-39.141, -8.320)  (-32.373, -23.521)  (-20.008, -34.655)  (-4.183, -39.797)  (12.366, -38.057)  (26.776, -29.738)  (36.556, -16.276)
step= 21  t=21.000  (38.017, 0.000)  (34.730, 15.463)  (25.438, 28.252)  (11.748, 36.156)  (-3.974, 37.808)  (-19.008, 32.923)  (-30.756, 22.346)  (-37.186, 7.904)  (-37.186, -7.904)  (-30.756, -22.346)  (-19.008, -32.923)  (-3.974, -37.808)  (11.748, -36.156)  (25.438, -28.252)  (34.730, -15.463)
step= 22  t=22.000  (36.017, 0.000)  (32.903, 14.650)  (24.100, 26.766)  (11.130, 34.255)  (-3.765, 35.820)  (-18.009, 31.192)  (-29.139, 21.170)  (-35.230, 7.488)  (-35.230, -7.488)  (-29.139, -21.170)  (-18.009, -31.192)  (-3.765, -35.820)  (11.130, -34.255)  (24.100, -26.766)  (32.904, -14.650)
step= 23  t=23.000  (34.018, 0.000)  (31.077, 13.836)  (22.763, 25.280)  (10.512, 32.353)  (-3.556, 33.832)  (-17.009, 29.461)  (-27.521, 19.995)  (-33.275, 7.073)  (-33.275, -7.073)  (-27.521, -19.995)  (-17.009, -29.461)  (-3.556, -33.832)  (10.512, -32.353)  (22.763, -25.280)  (31.077, -13.836)
step= 24  t=24.000  (32.019, 0.000)  (29.251, 13.023)  (21.425, 23.795)  (9.894, 30.452)  (-3.347, 31.844)  (-16.009, 27.729)  (-25.904, 18.820)  (-31.319, 6.657)  (-31.319, -6.657)  (-25.904, -18.820)  (-16.009, -27.729)  (-3.347, -31.844)  (9.894, -30.452)  (21.425, -23.795)  (29.251, -13.023)
step= 25  t=25.000  (30.020, 0.000)  (27.424, 12.210)  (20.087, 22.309)  (9.277, 28.550)  (-3.138, 29.855)  (-15.010, 25.998)  (-24.286, 17.645)  (-29.364, 6.241)  (-29.364, -6.241)  (-24.286, -17.645)  (-15.010, -25.998)  (-3.138, -29.855)  (9.277, -28.550)  (20.087, -22.309)  (27.424, -12.210)
step= 26  t=26.000  (28.021, 0.000)  (25.598, 11.397)  (18.749, 20.823)  (8.659, 26.649)  (-2.929, 27.867)  (-14.010, 24.266)  (-22.669, 16.470)  (-27.408, 5.826)  (-27.408, -5.826)  (-22.669, -16.470)  (-14.010, -24.266)  (-2.929, -27.867)  (8.659, -26.649)  (18.749, -20.823)  (25.598, -11.397)
step= 27  t=27.000  (26.021, 0.000)  (23.772, 10.584)  (17.412, 19.338)  (8.041, 24.748)  (-2.720, 25.879)  (-13.011, 22.535)  (-21.052, 15.295)  (-25.453, 5.410)  (-25.453, -5.410)  (-21.052, -15.295)  (-13.011, -22.535)  (-2.720, -25.879)  (8.041, -24.748)  (17.412, -19.338)  (23.772, -10.584)
step= 28  t=28.000  (24.022, 0.000)  (21.945, 9.771)  (16.074, 17.852)  (7.423, 22.846)  (-2.511, 23.891)  (-12.011, 20.804)  (-19.434, 14.120)  (-23.497, 4.994)  (-23.497, -4.994)  (-19.434, -14.120)  (-12.011, -20.804)  (-2.511, -23.890)  (7.423, -22.846)  (16.074, -17.852)  (21.945, -9.771)
step= 29  t=29.000  (22.023, 0.000)  (20.119, 8.957)  (14.736, 16.366)  (6.805, 20.945)  (-2.302, 21.903)  (-11.012, 19.073)  (-17.817, 12.945)  (-21.542, 4.579)  (-21.542, -4.579)  (-17.817, -12.945)  (-11.012, -19.073)  (-2.302, -21.902)  (6.806, -20.945)  (14.736, -16.366)  (20.119, -8.957)
step= 30  t=30.000  (20.024, 0.000)  (18.292, 8.144)  (13.398, 14.880)  (6.188, 19.043)  (-2.093, 19.915)  (-10.012, 17.341)  (-16.200, 11.770)  (-19.586, 4.163)  (-19.586, -4.163)  (-16.200, -11.770)  (-10.012, -17.341)  (-2.093, -19.914)  (6.188, -19.044)  (13.399, -14.881)  (18.292, -8.144)
step= 31  t=31.000  (18.024, 0.000)  (16.466, 7.331)  (12.060, 13.395)  (5.570, 17.142)  (-1.884, 17.926)  (-9.013, 15.610)  (-14.582, 10.595)  (-17.630, 3.747)  (-17.631, -3.748)  (-14.582, -10.595)  (-9.013, -15.610)  (-1.884, -17.926)  (5.570, -17.142)  (12.061, -13.395)  (16.466, -7.331)
step= 32  t=32.000  (16.025, 0.000)  (14.640, 6.518)  (10.723, 11.909)  (4.952, 15.241)  (-1.675, 15.938)  (-8.013, 13.879)  (-12.965, 9.420)  (-15.675, 3.332)  (-15.675, -3.332)  (-12.962, -9.428)  (-8.013, -13.879)  (-1.675, -15.937)  (4.952, -15.241)  (10.723, -11.909)  (14.636, -6.529)
step= 33  t=33.000  (14.068, 0.031)  (12.818, 5.701)  (9.466, 10.436)  (5.295, 15.326)  (-1.488, 13.947)  (-7.037, 12.133)  (-11.362, 8.225)  (-13.750, 2.900)  (-13.721, -2.904)  (-11.374, -8.269)  (-7.049, -12.236)  (-1.511, -13.999)  (4.425, -13.654)  (9.702, -10.904)  (12.871, -5.749)
step= 34  t=34.000  (12.277, 0.121)  (11.686, 5.017)  (8.123, 9.025)  (5.042, 14.444)  (-1.233, 11.967)  (-6.062, 10.387)  (-9.775, 7.006)  (-11.995, 2.543)  (-11.771, -2.461)  (-9.873, -7.174)  (-7.753, -12.857)  (-2.277, -13.215)  (3.954, -11.930)  (8.717, -9.728)  (11.067, -5.102)
step= 35  t=35.000  (10.505, 0.150)  (10.332, 4.490)  (6.719, 7.773)  (4.544, 12.978)  (-0.976, 9.983)  (-5.077, 8.646)  (-8.285, 5.733)  (-10.296, 2.185)  (-9.813, -2.052)  (-8.385, -6.172)  (-7.875, -13.115)  (-2.549, -11.948)  (3.425, -10.386)  (7.766, -8.453)  (9.190, -4.411)
step= 36  t=36.000  (8.734, 0.232)  (8.963, 3.941)  (5.339, 6.646)  (4.016, 11.222)  (-0.716, 8.025)  (-4.137, 6.881)  (-6.852, 4.431)  (-8.714, 1.776)  (-7.832, -1.777)  (-6.741, -5.395)  (-7.495, -12.763)  (-2.733, -10.375)  (2.937, -8.822)  (6.826, -7.107)  (7.292, -3.780)
step= 37  t=37.000  (7.002, 0.317)  (7.665, 3.272)  (3.889, 5.628)  (3.322, 9.558)  (-0.400, 6.103)  (-3.232, 5.136)  (-5.482, 3.077)  (-7.225, 1.337)  (-5.849, -1.521)  (-5.034, -4.780)  (-6.562, -11.824)  (-2.801, -8.632)  (2.426, -7.293)  (5.919, -5.671)  (5.388, -3.168)
step= 38  t=38.000  (5.087, 0.719)  (6.556, 2.482)  (2.439, 4.893)  (2.610, 8.012)  (-0.064, 4.249)  (-2.337, 3.433)  (-4.171, 1.709)  (-5.814, 0.836)  (-3.856, -1.350)  (-3.418, -4.235)  (-5.504, -10.300)  (-2.881, -7.034)  (1.959, -5.680)  (5.202, -4.346)  (3.485, -2.554)
step= 39  t=39.000  (3.167, 1.279)  (5.696, 1.770)  (0.876, 4.496)  (1.979, 6.467)  (0.085, 2.590)  (-1.645, 1.915)  (-2.898, 0.187)  (-4.529, 0.548)  (-1.877, -1.062)  (-1.761, -3.871)  (-4.511, -8.564)  (-2.891, -5.534)  (1.674, -4.195)  (4.368, -2.915)  (1.802, -2.068)
step= 40  t=40.000  (1.508, 1.636)  (6.624, 1.854)  (-0.798, 4.115)  (1.346, 5.022)  (0.228, 0.943)  (-1.172, 0.639)  (-1.816, -1.495)  (-3.191, 0.343)  (-0.114, -0.682)  (-0.108, -3.697)  (-3.622, -6.851)  (-3.678, -4.495)  (1.636, -2.854)  (3.476, -1.177)  (0.226, -1.738)
step= 41  t=41.000  (-0.312, 1.952)  (7.148, 2.509)  (-2.680, 3.439)  (0.633, 3.921)  (0.428, -0.805)  (-0.753, -0.471)  (-1.342, -3.438)  (-2.022, 0.149)  (1.553, -0.239)  (1.458, -3.553)  (-2.887, -5.173)  (-4.611, -3.701)  (1.723, -1.679)  (2.945, 0.751)  (-0.637, -1.679)
step= 42  t=42.000  (-2.276, 2.194)  (7.183, 2.910)  (-4.549, 2.728)  (-0.146, 2.968)  (0.851, -2.701)  (-0.249, -1.435)  (-0.262, -5.122)  (-0.932, 0.080)  (3.506, 0.191)  (2.891, -3.143)  (-2.603, -4.420)  (-5.185, -2.672)  (1.567, -0.159)  (2.155, 2.260)  (-2.088, -1.812)
step= 43  t=43.000  (-4.273, 2.288)  (6.567, 3.200)  (-6.300, 1.761)  (-1.150, 1.694)  (1.033, -4.648)  (0.486, -2.477)  (0.970, -6.697)  (0.180, -0.216)  (5.459, 0.620)  (4.335, -2.280)  (-2.090, -3.502)  (-5.566, -1.290)  (1.468, 1.524)  (1.051, 3.780)  (-3.253, -1.554)
step= 44  t=44.000  (-6.267, 2.442)  (5.044, 2.819)  (-7.954, 0.636)  (-2.262, 0.158)  (1.196, -6.473)  (1.391, -3.971)  (2.056, -8.377)  (2.046, -0.695)  (7.412, 1.050)  (5.858, -1.024)  (-1.197, -1.960)  (-5.853, 0.206)  (0.960, 3.226)  (-0.349, 5.208)  (-4.387, -1.182)
step= 45  t=45.000  (-8.262, 2.582)  (3.454, 1.814)  (-9.162, -0.957)  (-3.325, -1.464)  (1.391, -8.463)  (2.409, -5.692)  (3.669, -9.559)  (4.003, -1.104)  (9.364, 1.480)  (7.407, 0.241)  (-0.392, -0.130)  (-5.801, 1.917)  (0.295, 5.111)  (-1.749, 6.636)  (-5.783, -0.799)
step= 46  t=46.000  (-10.261, 2.510)  (1.981, 0.743)  (-10.371, -2.550)  (-3.876, -3.386)  (1.586, -10.453)  (3.426, -7.413)  (5.373, -10.604)  (5.960, -1.513)  (11.317, 1.909)  (8.956, 1.505)  (0.257, 1.762)  (-5.479, 3.798)  (-0.370, 6.997)  (-3.149, 8.064)  (-7.432, 0.055)
step= 47  t=47.000  (-12.259, 2.438)  (0.540, -0.324)  (-11.579, -4.142)  (-4.427, -5.308)  (1.781, -12.443)  (4.444, -9.135)  (7.077, -11.650)  (7.917, -1.923)  (13.269, 2.338)  (10.505, 2.769)  (0.809, 3.684)  (-5.120, 5.764)  (-1.034, 8.883)  (-4.549, 9.491)  (-9.224, 0.942)
step= 48  t=48.000  (-14.256, 2.366)  (-1.292, -1.125)  (-12.787, -5.735)  (-4.978, -7.230)  (1.976, -14.432)  (5.461, -10.856)  (8.782, -12.696)  (9.874, -2.332)  (15.221, 2.768)  (12.053, 4.034)  (1.834, 5.401)  (-4.760, 7.731)  (-1.699, 10.768)  (-5.948, 10.919)  (-11.016, 1.829)
step= 49  t=49.000  (-16.254, 2.295)  (-3.123, -1.926)  (-13.995, -7.328)  (-5.529, -9.151)  (2.171, -16.422)  (6.479, -12.577)  (10.485, -13.741)  (11.831, -2.741)  (17.173, 3.197)  (13.602, 5.297)  (2.860, 7.117)  (-4.401, 9.698)  (-2.364, 12.654)  (-7.348, 12.347)  (-12.808, 2.715)
step= 50  t=50.000  (-18.251, 2.223)  (-4.954, -2.728)  (-15.203, -8.920)  (-6.080, -11.073)  (2.366, -18.411)  (7.496, -14.298)  (12.189, -14.787)  (13.787, -3.150)  (19.125, 3.627)  (15.150, 6.561)  (3.885, 8.833)  (-4.042, 11.664)  (-3.028, 14.540)  (-8.747, 13.774)  (-14.599, 3.602)
step= 51  t=51.000  (-20.249, 2.151)  (-6.786, -3.529)  (-16.411, -10.513)  (-6.631, -12.994)  (2.561, -20.401)  (8.513, -16.018)  (13.893, -15.832)  (15.744, -3.560)  (21.077, 4.056)  (16.699, 7.825)  (4.910, 10.549)  (-3.683, 13.631)  (-3.693, 16.426)  (-10.147, 15.202)  (-16.391, 4.488)
step= 52  t=52.000  (-22.247, 2.079)  (-8.617, -4.330)  (-17.619, -12.106)  (-7.182, -14.916)  (2.756, -22.390)  (9.530, -17.739)  (15.597, -16.878)  (17.700, -3.969)  (23.030, 4.486)  (18.247, 9.089)  (5.935, 12.265)  (-3.323, 15.598)  (-4.357, 18.311)  (-11.546, 16.629)  (-18.183, 5.375)
step= 53  t=53.000  (-24.244, 2.007)  (-10.448, -5.132)  (-18.827, -13.699)  (-7.733, -16.837)  (2.951, -24.379)  (10.548, -19.460)  (17.300, -17.923)  (19.657, -4.378)  (24.982, 4.915)  (19.796, 10.353)  (6.960, 13.981)  (-2.964, 17.564)  (-5.022, 20.196)  (-12.946, 18.056)  (-19.974, 6.261)
step= 54  t=54.000  (-26.242, 1.935)  (-12.280, -5.933)  (-20.035, -15.292)  (-8.284, -18.759)  (3.147, -26.369)  (11.565, -21.181)  (19.004, -18.969)  (21.614, -4.787)  (26.934, 5.344)  (21.344, 11.617)  (7.986, 15.697)  (-2.605, 19.531)  (-5.686, 22.081)  (-14.345, 19.484)  (-21.766, 7.148)
step= 55  t=55.000  (-28.239, 1.863)  (-14.112, -6.735)  (-21.243, -16.884)  (-8.835, -20.681)  (3.342, -28.358)  (12.582, -22.901)  (20.708, -20.014)  (23.571, -5.197)  (28.886, 5.774)  (22.893, 12.881)  (9.011, 17.413)  (-2.245, 21.497)  (-6.351, 23.966)  (-15.744, 20.911)  (-23.557, 8.034)
step= 56  t=56.000  (-30.237, 1.791)  (-15.943, -7.536)  (-22.452, -18.477)  (-9.386, -22.603)  (3.537, -30.348)  (13.599, -24.622)  (22.411, -21.060)  (25.528, -5.606)  (30.839, 6.203)  (24.441, 14.145)  (10.037, 19.129)  (-1.886, 23.463)  (-7.015, 25.852)  (-17.144, 22.338)  (-25.349, 8.920)
step= 57  t=57.000  (-32.235, 1.719)  (-17.775, -8.337)  (-23.660, -20.070)  (-9.937, -24.524)  (3.732, -32.337)  (14.616, -26.343)  (24.115, -22.105)  (27.484, -6.015)  (32.791, 6.633)  (25.990, 15.409)  (11.062, 20.846)  (-1.527, 25.430)  (-7.680, 27.737)  (-18.543, 23.766)  (-27.140, 9.807)
step= 58  t=58.000  (-34.232, 1.647)  (-19.606, -9.139)  (-24.868, -21.663)  (-10.488, -26.446)  (3.927, -34.327)  (15.634, -28.064)  (25.819, -23.151)  (29.441, -6.424)  (34.744, 7.062)  (27.539, 16.673)  (12.087, 22.562)  (-1.168, 27.396)  (-8.344, 29.622)  (-19.943, 25.193)  (-28.932, 10.693)
step= 59  t=59.000  (-36.230, 1.575)  (-21.438, -9.940)  (-26.076, -23.256)  (-11.039, -28.368)  (4.122, -36.317)  (16.651, -29.785)  (27.523, -24.196)  (31.398, -6.834)  (36.696, 7.492)  (29.088, 17.938)  (13.113, 24.278)  (-0.809, 29.362)  (-9.009, 31.507)  (-21.343, 26.621)  (-30.724, 11.580)
step= 60  t=60.000  (-38.228, 1.504)  (-23.269, -10.742)  (-27.284, -24.849)  (-11.590, -30.290)  (4.317, -38.306)  (17.668, -31.506)  (29.227, -25.242)  (33.355, -7.243)  (38.649, 7.921)  (30.637, 19.202)  (14.138, 25.994)  (-0.449, 31.329)  (-9.673, 33.392)  (-22.742, 28.048)  (-32.516, 12.466)
step= 61  t=61.000  (-40.226, 1.432)  (-25.101, -11.543)  (-28.492, -26.441)  (-12.141, -32.211)  (4.512, -40.296)  (18.686, -33.227)  (30.931, -26.288)  (35.312, -7.652)  (40.601, 8.351)  (32.185, 20.466)  (15.163, 27.711)  (-0.090, 33.295)  (-10.338, 35.278)  (-24.142, 29.476)  (-34.307, 13.353)
step= 62  t=62.000  (-42.224, 1.360)  (-26.932, -12.345)  (-29.701, -28.034)  (-12.692, -34.133)  (4.707, -42.286)  (19.703, -34.948)  (32.635, -27.333)  (37.269, -8.062)  (42.554, 8.780)  (33.734, 21.730)  (16.189, 29.427)  (0.269, 35.262)  (-11.002, 37.163)  (-25.541, 30.904)  (-36.099, 14.240)
step= 63  t=63.000  (-44.222, 1.288)  (-28.764, -13.146)  (-30.909, -29.627)  (-13.243, -36.055)  (4.902, -44.275)  (20.721, -36.669)  (34.339, -28.379)  (39.226, -8.471)  (44.506, 9.210)  (35.283, 22.994)  (17.214, 31.143)  (0.628, 37.228)  (-11.667, 39.049)  (-26.941, 32.331)  (-37.891, 15.126)
step= 64  t=64.000  (-46.220, 1.216)  (-30.595, -13.947)  (-32.117, -31.220)  (-13.794, -37.977)  (5.097, -46.265)  (21.738, -38.390)  (36.043, -29.425)  (41.183, -8.880)  (46.459, 9.639)  (36.832, 24.258)  (18.239, 32.859)  (0.988, 39.195)  (-12.332, 40.934)  (-28.341, 33.759)  (-39.683, 16.013)
step= 65  t=65.000  (-48.218, 1.144)  (-32.427, -14.749)  (-33.325, -32.813)  (-14.345, -39.899)  (5.293, -48.255)  (22.755, -40.111)  (37.747, -30.470)  (43.139, -9.289)  (48.411, 10.069)  (38.380, 25.523)  (19.265, 34.576)  (1.347, 41.162)  (-12.996, 42.820)  (-29.740, 35.186)  (-41.475, 16.899)
step= 66  t=66.000  (-50.216, 1.072)  (-34.259, -15.550)  (-34.533, -34.406)  (-14.896, -41.820)  (5.488, -50.244)  (23.773, -41.832)  (39.451, -31.516)  (45.096, -9.699)  (50.364, 10.498)  (39.929, 26.787)  (20.290, 36.292)  (1.706, 43.128)  (-13.661, 44.705)  (-31.140, 36.614)  (-43.267, 17.786)
step= 67  t=67.000  (-52.214, 1.000)  (-36.090, -16.352)  (-35.741, -35.999)  (-15.447, -43.742)  (5.683, -52.234)  (24.790, -43.553)  (41.155, -32.561)  (47.053, -10.108)  (52.316, 10.928)  (41.478, 28.051)  (21.315, 38.008)  (2.066, 45.095)  (-14.325, 46.591)  (-32.540, 38.041)  (-45.059, 18.673)
step= 68  t=68.000  (-54.211, 0.928)  (-37.922, -17.153)  (-36.950, -37.591)  (-15.999, -45.664)  (5.878, -54.224)  (25.807, -45.274)  (42.859, -33.607)  (49.010, -10.517)  (54.269, 11.357)  (43.027, 29.315)  (22.341, 39.724)  (2.425, 47.062)  (-14.990, 48.476)  (-33.939, 39.469)  (-46.851, 19.559)
step= 69  t=69.000  (-56.209, 0.856)  (-39.753, -17.955)  (-38.158, -39.184)  (-16.550, -47.586)  (6.073, -56.213)  (26.825, -46.995)  (44.563, -34.653)  (50.967, -10.926)  (56.221, 11.787)  (44.576, 30.579)  (23.366, 41.441)  (2.784, 49.028)  (-15.655, 50.362)  (-35.339, 40.897)  (-48.642, 20.446)
step= 70  t=70.000  (-58.207, 0.784)  (-41.585, -18.756)  (-39.366, -40.777)  (-17.101, -49.507)  (6.268, -58.203)  (27.842, -48.716)  (46.267, -35.698)  (52.924, -11.336)  (58.174, 12.216)  (46.124, 31.843)  (24.392, 43.157)  (3.143, 50.995)  (-16.319, 52.247)  (-36.738, 42.324)  (-50.434, 21.332)
step= 71  t=71.000  (-60.205, 0.713)  (-43.416, -19.557)  (-40.574, -42.370)  (-17.652, -51.429)  (6.463, -60.193)  (28.859, -50.437)  (47.971, -36.744)  (54.881, -11.745)  (60.126, 12.646)  (47.673, 33.108)  (25.417, 44.873)  (3.503, 52.962)  (-16.984, 54.133)  (-38.138, 43.752)  (-52.226, 22.219)
step= 72  t=72.000  (-62.203, 0.641)  (-45.248, -20.359)  (-41.782, -43.963)  (-18.203, -53.351)  (6.658, -62.182)  (29.877, -52.158)  (49.675, -37.790)  (56.838, -12.154)  (62.079, 13.075)  (49.222, 34.372)  (26.442, 46.589)  (3.862, 54.928)  (-17.648, 56.018)  (-39.538, 45.179)  (-54.018, 23.106)
step= 73  t=73.000  (-64.201, 0.569)  (-47.079, -21.160)  (-42.990, -45.556)  (-18.754, -55.273)  (6.853, -64.172)  (30.894, -53.879)  (51.379, -38.835)  (58.794, -12.563)  (64.031, 13.505)  (50.771, 35.636)  (27.468, 48.306)  (4.221, 56.895)  (-18.313, 57.904)  (-40.937, 46.607)  (-55.810, 23.992)
step= 74  t=74.000  (-66.199, 0.497)  (-48.911, -21.962)  (-44.199, -47.149)  (-19.305, -57.194)  (7.048, -66.162)  (31.912, -55.600)  (53.083, -39.881)  (60.751, -12.973)  (65.984, 13.934)  (52.320, 36.900)  (28.493, 50.022)  (4.581, 58.861)  (-18.978, 59.789)  (-42.337, 48.034)  (-57.602, 24.879)
step= 75  t=75.000  (-68.197, 0.425)  (-50.742, -22.763)  (-45.407, -48.741)  (-19.856, -59.116)  (7.243, -68.151)  (32.929, -57.321)  (54.786, -40.926)  (62.708, -13.382)  (67.937, 14.364)  (53.868, 38.164)  (29.518, 51.738)  (4.940, 60.828)  (-19.642, 61.675)  (-43.736, 49.462)  (-59.394, 25.765)
step= 76  t=76.000  (-70.195, 0.353)  (-52.574, -23.565)  (-46.615, -50.334)  (-20.407, -61.038)  (7.439, -70.141)  (33.946, -59.042)  (56.490, -41.972)  (64.665, -13.791)  (69.889, 14.793)  (55.417, 39.428)  (30.544, 53.454)  (5.299, 62.795)  (-20.307, 63.560)  (-45.136, 50.890)  (-61.186, 26.652)
step= 77  t=77.000  (-72.193, 0.281)  (-54.405, -24.366)  (-47.823, -51.927)  (-20.958, -62.960)  (7.634, -72.131)  (34.964, -60.763)  (58.194, -43.018)  (66.622, -14.201)  (71.842, 15.223)  (56.966, 40.693)  (31.569, 55.171)  (5.658, 64.761)  (-20.971, 65.446)  (-46.536, 52.317)  (-62.977, 27.539)
step= 78  t=78.000  (-74.191, 0.209)  (-56.237, -25.167)  (-49.031, -53.520)  (-21.509, -64.882)  (7.829, -74.120)  (35.981, -62.483)  (59.898, -44.063)  (68.579, -14.610)  (73.794, 15.652)  (58.515, 41.957)  (32.594, 56.887)  (6.018, 66.728)  (-21.636, 67.331)  (-47.935, 53.745)  (-64.769, 28.425)
step= 79  t=79.000  (-76.189, 0.137)  (-58.069, -25.969)  (-50.239, -55.113)  (-22.060, -66.803)  (8.024, -76.110)  (36.998, -64.204)  (61.602, -45.109)  (70.536, -15.019)  (75.747, 16.082)  (60.063, 43.221)  (33.620, 58.603)  (6.377, 68.695)  (-22.301, 69.217)  (-49.335, 55.172)  (-66.561, 29.312)
step= 80  t=80.000  (-78.186, 0.065)  (-59.900, -26.770)  (-51.448, -56.706)  (-22.611, -68.725)  (8.219, -78.100)  (38.016, -65.925)  (63.306, -46.155)  (72.492, -15.428)  (77.699, 16.511)  (61.612, 44.485)  (34.645, 60.319)  (6.736, 70.661)  (-22.965, 71.102)  (-50.734, 56.600)  (-68.353, 30.198)
step= 81  t=81.000  (-80.000, -0.000)  (-61.732, -27.572)  (-52.656, -58.298)  (-23.162, -70.647)  (8.362, -79.562)  (39.033, -67.646)  (64.722, -47.023)  (74.449, -15.838)  (78.252, 16.633)  (63.161, 45.749)  (35.671, 62.035)  (7.096, 72.628)  (-23.630, 72.988)  (-52.134, 58.027)  (-70.145, 31.085)
step= 82  t=82.000  (-80.000, -0.000)  (-63.563, -28.373)  (-53.531, -59.452)  (-23.713, -72.569)  (8.362, -79.562)  (40.000, -69.282)  (64.722, -47.023)  (76.406, -16.247)  (78.252, 16.633)  (64.710, 47.013)  (36.696, 63.752)  (7.455, 74.595)  (-24.294, 74.873)  (-53.530, 59.452)  (-71.937, 31.971)
step= 83  t=83.000  (-80.000, -0.000)  (-65.395, -29.175)  (-53.531, -59.452)  (-24.264, -74.490)  (8.362, -79.562)  (40.000, -69.282)  (64.722, -47.023)  (78.252, -16.633)  (78.252, 16.633)  (64.721, 47.023)  (37.721, 65.468)  (7.814, 76.561)  (-24.721, 76.085)  (-53.530, 59.452)  (-73.084, 32.539)
step= 84  t=84.000  (-80.000, -0.000)  (-67.226, -29.976)  (-53.531, -59.452)  (-24.721, -76.085)  (8.362, -79.562)  (40.000, -69.282)  (64.722, -47.023)  (78.252, -16.633)  (78.252, 16.633)  (64.721, 47.023)  (38.747, 67.184)  (8.173, 78.528)  (-24.721, 76.085)  (-53.530, 59.452)  (-73.084, 32.539)
step= 85  t=85.000  (-80.000, -0.000)  (-69.058, -30.777)  (-53.531, -59.452)  (-24.721, -76.085)  (8.362, -79.562)  (40.000, -69.282)  (64.722, -47.023)  (78.252, -16.633)  (78.252, 16.633)  (64.721, 47.023)  (39.772, 68.900)  (8.362, 79.562)  (-24.721, 76.085)  (-53.530, 59.452)  (-73.084, 32.539)
step= 86  t=86.000  (-80.000, -0.000)  (-70.889, -31.579)  (-53.531, -59.452)  (-24.721, -76.085)  (8.362, -79.562)  (40.000, -69.282)  (64.722, -47.023)  (78.252, -16.633)  (78.252, 16.633)  (64.721, 47.023)  (40.000, 69.282)  (8.362, 79.562)  (-24.721, 76.085)  (-53.530, 59.452)  (-73.084, 32.539)
step= 87  t=87.000  (-80.000, -0.000)  (-72.721, -32.380)  (-53.531, -59.452)  (-24.721, -76.085)  (8.362, -79.562)  (40.000, -69.282)  (64.722, -47.023)  (78.252, -16.633)  (78.252, 16.633)  (64.721, 47.023)  (40.000, 69.282)  (8.362, 79.562)  (-24.721, 76.085)  (-53.530, 59.452)  (-73.084, 32.539)
step= 88  t=88.000  (-80.000, -0.000)  (-73.084, -32.539)  (-53.531, -59.452)  (-24.721, -76.085)  (8.362, -79.562)  (40.000, -69.282)  (64.722, -47.023)  (78.252, -16.633)  (78.252, 16.633)  (64.721, 47.023)  (40.000, 69.282)  (8.362, 79.562)  (-24.721, 76.085)  (-53.530, 59.452)  (-73.084, 32.539)
