Simulation has 15 agents and 0 obstacle vertices in it.
Running simulation
step= 0  t=0.000  (80.000, 0.000)  (73.084, 32.539)  (53.530, 59.452)  (24.721, 76.085)  (-8.362, 79.562)  (-40.000, 69.282)  (-64.721, 47.023)  (-78.252, 16.633)  (-78.252, -16.633)  (-64.721, -47.023)  (-40.000, -69.282)  (-8.362, -79.562)  (24.721, -76.085)  (53.530, -59.452)  (73.084, -32.539)
step= 1  t=1.000  (78.001, 0.000)  (71.257, 31.726)  (52.193, 57.966)  (24.104, 74.183)  (-8.153, 77.573)  (-39.000, 67.551)  (-63.104, 45.848)  (-76.296, 16.217)  (-76.296, -16.217)  (-63.104, -45.848)  (-39.000, -67.551)  (-8.153, -77.573)  (24.104, -74.183)  (52.193, -57.966)  (71.257, -31.726)
step= 2  t=2.000  (76.002, 0.000)  (69.431, 30.913)  (50.855, 56.480)  (23.486, 72.282)  (-7.944, 75.585)  (-38.001, 65.819)  (-61.487, 44.673)  (-74.341, 15.802)  (-74.341, -15.802)  (-61.487, -44.673)  (-38.001, -65.819)  (-7.944, -75.585)  (23.486, -72.282)  (50.855, -56.480)  (69.431, -30.913)
step= 3  t=3.000  (74.002, 0.000)  (67.605, 30.099)  (49.517, 54.994)  (22.868, 70.380)  (-7.735, 73.597)  (-37.001, 64.088)  (-59.869, 43.497)  (-72.385, 15.386)  (-72.385, -15.386)  (-59.869, -43.498)  (-37.001, -64.088)  (-7.735, -73.597)  (22.868, -70.380)  (49.517, -54.994)  (67.605, -30.099)
step= 4  t=4.000  (72.003, 0.000)  (65.778, 29.286)  (48.180, 53.509)  (22.250, 68.479)  (-7.526, 71.609)  (-36.002, 62.357)  (-58.252, 42.322)  (-70.430, 14.970)  (-70.430, -14.970)  (-58.252, -42.322)  (-36.002, -62.357)  (-7.526, -71.609)  (22.250, -68.479)  (48.180, -53.509)  (65.778, -29.286)
step= 5  t=5.000  (70.004, 0.000)  (63.952, 28.473)  (46.842, 52.023)  (21.632, 66.578)  (-7.317, 69.620)  (-35.002, 60.625)  (-56.634, 41.147)  (-68.474, 14.555)  (-68.474, -14.555)  (-56.634, -41.147)  (-35.002, -60.625)  (-7.317, -69.620)  (21.632, -66.578)  (46.842, -52.023)  (63.952, -28.473)
step= 6  t=6.000  (68.005, 0.000)  (62.125, 27.660)  (45.504, 50.537)  (21.015, 64.676)  (-7.108, 67.632)  (-34.002, 58.894)  (-55.017, 39.972)  (-66.519, 14.139)  (-66.519, -14.139)  (-55.017, -39.972)  (-34.002, -58.894)  (-7.108, -67.632)  (21.015, -64.676)  (45.504, -50.537)  (62.125, -27.660)
step= 7  t=7.000  (66.006, 0.000)  (60.299, 26.847)  (44.166, 49.052)  (20.397, 62.775)  (-6.899, 65.644)  (-33.003, 57.162)  (-53.400, 38.797)  (-64.563, 13.723)  (-64.563, -13.723)  (-53.400, -38.797)  (-33.003, -57.162)  (-6.899, -65.644)  (20.397, -62.775)  (44.166, -49.052)  (60.299, -26.847)
step= 8  t=8.000  (64.006, 0.000)  (58.473, 26.034)  (42.829, 47.566)  (19.779, 60.874)  (-6.690, 63.656)  (-32.003, 55.431)  (-51.782, 37.622)  (-62.608, 13.308)  (-62.608, -13.308)  (-51.782, -37.622)  (-32.003, -55.431)  (-6.690, -63.656)  (19.779, -60.874)  (42.829, -47.566)  (58.473, -26.034)
step= 9  t=9.000  (62.007, 0.000)  (56.646, 25.221)  (41.491, 46.080)  (19.161, 58.972)  (-6.482, 61.667)  (-31.004, 53.700)  (-50.165, 36.447)  (-60.652, 12.892)  (-60.652, -12.892)  (-50.165, -36.447)  (-31.004, -53.700)  (-6.482, -61.667)  (19.161, -58.972)  (41.491, -46.080)  (56.646, -25.221)
step= 10  t=10.000  (60.008, 0.000)  (54.820, 24.407)  (40.153, 44.595)  (18.543, 57.071)  (-6.273, 59.679)  (-30.004, 51.968)  (-48.547, 35.272)  (-58.697, 12.476)  (-58.697, -12.476)  (-48.547, -35.272)  (-30.004, -51.968)  (-6.273, -59.679)  (18.543, -57.071)  (40.153, -44.595)  (54.820, -24.407)
step= 11  t=11.000  (58.009, 0.000)  (52.994, 23.594)  (38.815, 43.109)  (17.926, 55.170)  (-6.064, 57.691)  (-29.004, 50.237)  (-46.930, 34.097)  (-56.741, 12.061)  (-56.741, -12.061)  (-46.930, -34.097)  (-29.004, -50.237)  (-6.064, -57.691)  (17.926, -55.170)  (38.815, -43.109)  (52.994, -23.594)
step= 12  t=12.000  (56.009, 0.000)  (51.167, 22.781)  (37.478, 41.623)  (17.308, 53.268)  (-5.855, 55.703)  (-28.005, 48.506)  (-45.313, 32.922)  (-54.786, 11.645)  (-54.786, -11.645)  (-45.313, -32.922)  (-28.005, -48.506)  (-5.855, -55.703)  (17.308, -53.268)  (37.478, -41.623)  (51.167, -22.781)
step= 13  t=13.000  (54.010, 0.000)  (49.341, 21.968)  (36.140, 40.137)  (16.690, 51.367)  (-5.646, 53.714)  (-27.005, 46.774)  (-43.695, 31.746)  (-52.830, 11.229)  (-52.830, -11.229)  (-43.695, -31.746)  (-27.005, -46.774)  (-5.646, -53.714)  (16.690, -51.367)  (36.140, -40.137)  (49.341, -21.968)
step= 14  t=14.000  (52.011, 0.000)  (47.514, 21.155)  (34.802, 38.652)  (16.072, 49.465)  (-5.437, 51.726)  (-26.006, 45.043)  (-42.078, 30.571)  (-50.874, 10.814)  (-50.874, -10.814)  (-42.078, -30.571)  (-26.006, -45.043)  (-5.437, -51.726)  (16.072, -49.465)  (34.802, -38.652)  (47.514, -21.155)
step= 15  t=15.000  (50.012, 0.000)  (45.688, 20.342)  (33.464, 37.166)  (15.455, 47.564)  (-5.228, 49.738)  (-25.006, 43.312)  (-40.460, 29.396)  (-48.919, 10.398)  (-48.919, -10.398)  (-40.460, -29.396)  (-25.006, -43.312)  (-5.228, -49.738)  (15.455, -47.564)  (33.464, -37.166)  (45.688, -20.342)
step= 16  t=16.000  (48.013, 0.000)  (43.862, 19.528)  (32.127, 35.680)  (14.837, 45.663)  (-5.019, 47.750)  (-24.006, 41.580)  (-38.843, 28.221)  (-46.963, 9.982)  (-46.963, -9.982)  (-38.843, -28.221)  (-24.006, -41.580)  (-5.019, -47.750)  (14.837, -45.663)  (32.127, -35.680)  (43.862, -19.528)
step= 17  t=17.000  (46.013, 0.000)  (42.035, 18.715)  (30.789, 34.195)  (14.219, 43.761)  (-4.810, 45.761)  (-23.007, 39.849)  (-37.226, 27.046)  (-45.008, 9.567)  (-45.008, -9.567)  (-37.226, -27.046)  (-23.007, -39.849)  (-4.810, -45.761)  (14.219, -43.761)  (30.789, -34.195)  (42.035, -18.715)
step= 18  t=18.000  (44.014, 0.000)  (40.209, 17.902)  (29.451, 32.709)  (13.601, 41.860)  (-4.601, 43.773)  (-22.007, 38.117)  (-35.608, 25.871)  (-43.052, 9.151)  (-43.052, -9.151)  (-35.608, -25.871)  (-22.007, -38.117)  (-4.601, -43.773)  (13.601, -41.860)  (29.451, -32.709)  (40.209, -17.902)
step= 19  t=19.000  (42.015, 0.000)  (38.383, 17.089)  (28.114, 31.223)  (12.983, 39.959)  (-4.392, 41.785)  (-21.007, 36.386)  (-33.991, 24.696)  (-41.097, 8.735)  (-41.097, -8.735)  (-33.991, -24.696)  (-21.007, -36.386)  (-4.392, -41.785)  (12.983, -39.959)  (28.114, -31.223)  (38.383, -17.089)
step= 20  t=20.000  (40.016, 0.000)  (36.556, 16.276)  (26.776, 29.738)  (12.366, 38.057)  (-4.183, 39.797)  (-20.008, 34.655)  (-32.373, 23.521)  (-39.141, 8.320)  (-39.141, -8.320)  (-32.373, -23.521)  (-20.008, -34.655)  (-4.183, -39.797)  (12.366, -38.057)  (26.776, -29.738)  (36.556, -16.276)
step= 21  t=21.000  (38.017, 0.000)  (34.730, 15.463)  (25.438, 28.252)  (11.748, 36.156)  (-3.974, 37.808)  (-19.008, 32.923)  (-30.756, 22.346)  (-37.186, 7.904)  (-37.186, -7.904)  (-30.756, -22.346)  (-19.008, -32.923)  (-3.974, -37.808)  (11.748, -36.156)  (25.438, -28.252)  (34.730, -15.463)
step= 22  t=22.000  (36.017, 0.000)  (32.903, 14.650)  (24.100, 26.766)  (11.130, 34.255)  (-3.765, 35.820)  (-18.009, 31.192)  (-29.139, 21.170)  (-35.230, 7.488)  (-35.230, -7.488)  (-29.139, -21.170)  (-18.009, -31.192)  (-3.765, -35.820)  (11.130, -34.255)  (24.100, -26.766)  (32.904, -14.650)
step= 23  t=23.000  (34.018, 0.000)  (31.077, 13.836)  (22.763, 25.280)  (10.512, 32.353)  (-3.556, 33.832)  (-17.009, 29.461)  (-27.521, 19.995)  (-33.275, 7.073)  (-33.275, -7.073)  (-27.521, -19.995)  (-17.009, -29.461)  (-3.556, -33.832)  (10.512, -32.353)  (22.763, -25.280)  (31.077, -13.836)
step= 24  t=24.000  (32.019, 0.000)  (29.251, 13.023)  (21.425, 23.795)  (9.894, 30.452)  (-3.347, 31.844)  (-16.009, 27.729)  (-25.904, 18.820)  (-31.319, 6.657)  (-31.319, -6.657)  (-25.904, -18.820)  (-16.009, -27.729)  (-3.347, -31.844)  (9.894, -30.452)  (21.425, -23.795)  (29.251, -13.023)
step= 25  t=25.000  (30.020, 0.000)  (27.424, 12.210)  (20.087, 22.309)  (9.277, 28.550)  (-3.138, 29.855)  (-15.010, 25.998)  (-24.286, 17.645)  (-29.364, 6.241)  (-29.364, -6.241)  (-24.286, -17.645)  (-15.010, -25.998)  (-3.138, -29.855)  (9.277, -28.550)  (20.087, -22.309)  (27.424, -12.210)
step= 26  t=26.000  (28.021, 0.000)  (25.598, 11.397)  (18.749, 20.823)  (8.659, 26.649)  (-2.929, 27.867)  (-14.010, 24.266)  (-22.669, 16.470)  (-27.408, 5.826)  (-27.408, -5.826)  (-22.669, -16.470)  (-14.010, -24.266)  (-2.929, -27.867)  (8.659, -26.649)  (18.749, -20.823)  (25.598, -11.397)
step= 27  t=27.000  (26.021, 0.000)  (23.772, 10.584)  (17.412, 19.338)  (8.041, 24.748)  (-2.720, 25.879)  (-13.011, 22.535)  (-21.052, 15.295)  (-25.453, 5.410)  (-25.453, -5.410)  (-21.052, -15.295)  (-13.011, -22.535)  (-2.720, -25.879)  (8.041, -24.748)  (17.412, -19.338)  (23.772, -10.584)
step= 28  t=28.000  (24.022, 0.000)  (21.945, 9.771)  (16.074, 17.852)  (7.423, 22.846)  (-2.511, 23.891)  (-12.011, 20.804)  (-19.434, 14.120)  (-23.497, 4.994)  (-23.497, -4.994)  (-19.434, -14.120)  (-12.011, -20.804)  (-2.511, -23.890)  (7.423, -22.846)  (16.074, -17.852)  (21.945, -9.771)
step= 29  t=29.000  (22.022, 0.000)  (20.118, 8.957)  (14.736, 16.366)  (6.805, 20.945)  (-2.302, 21.902)  (-11.011, 19.072)  (-17.816, 12.944)  (-21.541, 4.579)  (-21.541, -4.579)  (-17.816, -12.944)  (-11.011, -19.072)  (-2.302, -21.902)  (6.805, -20.944)  (14.736, -16.366)  (20.118, -8.957)
step= 30  t=30.000  (20.023, 0.000)  (18.292, 8.144)  (13.398, 14.880)  (6.187, 19.043)  (-2.093, 19.913)  (-10.011, 17.340)  (-16.199, 11.769)  (-19.585, 4.163)  (-19.585, -4.163)  (-16.199, -11.769)  (-10.011, -17.340)  (-2.093, -19.913)  (6.187, -19.042)  (13.398, -14.880)  (18.292, -8.144)
step= 31  t=31.000  (18.023, 0.000)  (16.465, 7.331)  (12.060, 13.394)  (5.569, 17.141)  (-1.884, 17.924)  (-9.011, 15.608)  (-14.581, 10.594)  (-17.629, 3.747)  (-17.629, -3.747)  (-14.581, -10.594)  (-9.011, -15.608)  (-1.884, -17.924)  (5.569, -17.141)  (12.060, -13.394)  (16.465, -7.331)
step= 32  t=32.000  (16.026, 0.007)  (14.643, 6.506)  (10.739, 11.899)  (4.930, 15.254)  (-1.687, 15.936)  (-8.014, 13.875)  (-12.963, 9.418)  (-15.673, 3.329)  (-15.675, -3.337)  (-12.963, -9.418)  (-8.009, -13.879)  (-1.659, -15.938)  (4.951, -15.239)  (10.739, -11.912)  (14.638, -6.517)
step= 33  t=33.000  (14.845, -0.025)  (12.819, 5.686)  (9.914, 10.886)  (4.409, 13.688)  (-1.477, 13.947)  (-7.025, 12.137)  (-11.401, 8.300)  (-13.719, 2.905)  (-14.989, -3.106)  (-11.607, -8.439)  (-7.124, -12.361)  (-1.412, -13.953)  (4.338, -13.335)  (9.728, -10.801)  (12.820, -5.701)
step= 34  t=34.000  (13.327, -0.104)  (10.992, 4.873)  (9.076, 9.597)  (3.976, 12.000)  (-1.164, 11.972)  (-6.049, 10.391)  (-9.853, 7.177)  (-11.788, 2.383)  (-13.842, -2.623)  (-10.205, -7.218)  (-6.206, -10.930)  (-1.235, -11.961)  (3.971, -11.369)  (8.689, -9.568)  (10.993, -4.888)
step= 35  t=35.000  (11.643, -0.175)  (9.143, 4.418)  (8.241, 8.245)  (3.512, 10.412)  (-0.790, 10.007)  (-5.068, 8.673)  (-8.355, 6.016)  (-9.873, 1.805)  (-12.459, -2.154)  (-8.861, -6.091)  (-5.298, -9.471)  (-1.029, -9.971)  (3.645, -9.519)  (7.635, -8.375)  (9.170, -4.108)
step= 36  t=36.000  (9.943, -0.171)  (7.186, 4.002)  (7.424, 6.932)  (3.064, 8.961)  (-0.328, 8.061)  (-4.099, 6.968)  (-7.199, 4.700)  (-7.977, 1.172)  (-10.986, -1.704)  (-7.577, -4.979)  (-4.326, -8.042)  (-0.802, -7.984)  (3.332, -7.785)  (6.498, -7.334)  (7.329, -3.327)
step= 37  t=37.000  (8.092, 0.089)  (5.298, 3.690)  (6.647, 5.631)  (2.616, 7.594)  (0.040, 6.095)  (-3.190, 5.307)  (-6.025, 3.836)  (-6.063, 0.590)  (-9.491, -1.325)  (-6.318, -4.135)  (-3.447, -6.810)  (-0.751, -5.985)  (3.002, -6.128)  (5.366, -6.461)  (5.820, -2.360)
step= 38  t=38.000  (6.236, 0.332)  (3.588, 3.349)  (5.910, 4.353)  (2.261, 6.399)  (0.421, 4.148)  (-2.319, 3.758)  (-4.846, 3.073)  (-4.263, -0.064)  (-8.038, -0.890)  (-5.060, -3.427)  (-2.585, -5.580)  (-0.597, -3.991)  (2.658, -4.605)  (4.266, -5.698)  (4.317, -1.505)
step= 39  t=39.000  (4.441, 0.583)  (2.036, 3.083)  (5.240, 3.092)  (1.919, 5.345)  (0.697, 2.167)  (-1.548, 2.546)  (-3.653, 2.406)  (-2.525, -0.779)  (-6.591, -0.425)  (-3.901, -2.805)  (-1.786, -4.281)  (-0.403, -2.190)  (2.496, -2.932)  (3.173, -5.021)  (2.994, -0.926)
step= 40  t=40.000  (2.801, 0.950)  (0.036, 3.035)  (5.183, 1.966)  (1.908, 7.345)  (0.828, 0.172)  (-0.913, 1.529)  (-2.576, 1.798)  (-0.997, -1.446)  (-5.424, 0.058)  (-2.851, -2.242)  (-1.002, -3.273)  (-0.016, -0.554)  (2.464, -1.631)  (1.787, -4.438)  (1.899, -0.274)
step= 41  t=41.000  (2.219, 2.019)  (-1.738, 3.177)  (5.324, 0.934)  (1.382, 8.747)  (1.147, -1.183)  (-0.361, 0.987)  (-1.550, 1.113)  (0.441, -2.185)  (-5.445, 0.451)  (-1.990, -1.732)  (-0.378, -2.568)  (0.370, 0.789)  (2.748, -0.602)  (0.326, -4.076)  (1.040, 0.158)
step= 42  t=42.000  (1.538, 3.612)  (-3.712, 3.277)  (5.462, -0.101)  (0.851, 9.651)  (1.446, -1.834)  (0.270, 0.105)  (-1.309, 1.433)  (2.074, -3.340)  (-5.565, 0.820)  (-1.442, -1.312)  (0.166, -2.345)  (-0.032, 2.378)  (2.818, 0.388)  (-1.186, -3.521)  (0.108, 1.038)
step= 43  t=43.000  (1.185, 5.075)  (-5.706, 3.342)  (5.576, -1.426)  (0.584, 10.514)  (1.830, -3.101)  (1.016, -0.306)  (-1.571, 1.281)  (3.919, -4.111)  (-5.328, 1.116)  (-1.009, -0.966)  (0.062, -2.874)  (-0.663, 4.019)  (2.660, 1.759)  (-2.823, -2.724)  (-0.001, 2.042)
step= 44  t=44.000  (0.793, 6.310)  (-7.624, 2.776)  (5.508, -2.462)  (0.501, 11.402)  (2.000, -5.094)  (1.801, -1.060)  (-1.676, 1.264)  (5.773, -4.863)  (-4.815, 1.601)  (-0.410, -0.450)  (0.177, -3.011)  (-1.196, 5.873)  (2.352, 3.211)  (-4.408, -1.708)  (-0.604, 3.167)
step= 45  t=45.000  (0.359, 7.485)  (-9.384, 1.826)  (4.574, -3.851)  (0.576, 12.121)  (2.171, -7.086)  (2.612, -1.819)  (-1.714, 1.181)  (7.746, -5.184)  (-4.000, 2.288)  (1.206, 0.728)  (0.479, -2.804)  (-1.707, 7.806)  (2.070, 4.684)  (-5.714, -0.200)  (-1.980, 4.199)
step= 46  t=46.000  (-0.413, 8.087)  (-11.144, 0.877)  (3.129, -5.233)  (0.933, 12.701)  (2.341, -9.079)  (3.593, -2.847)  (-1.675, 0.847)  (9.720, -5.504)  (-2.745, 3.035)  (2.822, 1.906)  (1.131, -2.066)  (-1.968, 9.789)  (1.776, 6.171)  (-6.965, 1.360)  (-3.430, 5.176)
step= 47  t=47.000  (-1.524, 7.994)  (-12.903, -0.072)  (1.685, -6.616)  (2.003, 11.539)  (2.511, -11.071)  (4.554, -4.600)  (-1.043, -0.204)  (11.694, -5.825)  (-1.031, 3.610)  (4.438, 3.084)  (2.090, -1.094)  (-1.730, 11.775)  (1.214, 7.969)  (-8.221, 2.916)  (-4.839, 5.976)
step= 48  t=48.000  (-3.147, 7.599)  (-14.663, -1.022)  (0.240, -7.998)  (3.199, 9.937)  (2.681, -13.064)  (5.515, -6.354)  (0.543, -1.381)  (13.668, -6.145)  (0.620, 4.018)  (6.054, 4.262)  (2.731, 0.138)  (-1.436, 13.753)  (0.502, 9.837)  (-9.472, 4.476)  (-6.340, 6.556)
step= 49  t=49.000  (-4.991, 7.298)  (-16.423, -1.971)  (-1.205, -9.381)  (4.509, 8.425)  (2.851, -15.056)  (6.476, -8.108)  (2.172, -2.540)  (15.642, -6.466)  (2.113, 4.619)  (7.670, 5.440)  (3.293, 1.337)  (-1.141, 15.731)  (-0.209, 11.706)  (-10.722, 6.037)  (-7.872, 7.132)
step= 50  t=50.000  (-6.977, 7.100)  (-18.182, -2.920)  (-2.649, -10.763)  (5.812, 6.908)  (3.022, -17.049)  (7.437, -9.861)  (3.802, -3.699)  (17.615, -6.786)  (3.594, 5.256)  (9.286, 6.618)  (3.849, 2.538)  (-0.847, 17.709)  (-0.921, 13.575)  (-11.973, 7.597)  (-9.464, 7.714)
step= 51  t=51.000  (-8.967, 6.906)  (-19.942, -3.870)  (-4.094, -12.145)  (7.076, 5.358)  (3.192, -19.041)  (8.398, -11.615)  (5.432, -4.858)  (19.589, -7.107)  (5.076, 5.850)  (10.902, 7.795)  (4.404, 3.779)  (-0.552, 19.686)  (-1.632, 15.444)  (-13.223, 9.157)  (-11.145, 8.315)
step= 52  t=52.000  (-10.957, 6.713)  (-21.701, -4.819)  (-5.539, -13.528)  (7.681, 3.452)  (3.362, -21.034)  (9.359, -13.368)  (7.061, -6.017)  (21.562, -7.427)  (6.891, 6.227)  (12.518, 8.973)  (4.963, 5.083)  (-0.258, 21.664)  (-2.344, 17.313)  (-14.473, 10.717)  (-12.975, 9.006)
step= 53  t=53.000  (-12.947, 6.519)  (-23.461, -5.768)  (-6.983, -14.910)  (6.927, 1.600)  (3.532, -23.026)  (10.320, -15.122)  (8.691, -7.176)  (23.535, -7.747)  (8.870, 6.515)  (14.134, 10.151)  (5.921, 6.839)  (0.037, 23.642)  (-3.056, 19.181)  (-15.724, 12.277)  (-14.837, 9.735)
step= 54  t=54.000  (-14.938, 6.326)  (-25.220, -6.717)  (-8.427, -16.292)  (6.172, -0.252)  (3.703, -25.018)  (11.281, -16.876)  (10.321, -8.335)  (25.509, -8.068)  (10.849, 6.804)  (15.749, 11.329)  (6.879, 8.594)  (0.331, 25.620)  (-3.767, 21.050)  (-16.974, 13.838)  (-16.699, 10.464)
step= 55  t=55.000  (-16.928, 6.132)  (-26.980, -7.666)  (-9.872, -17.674)  (5.418, -2.104)  (3.873, -27.010)  (12.242, -18.629)  (11.950, -9.494)  (27.482, -8.388)  (12.827, 7.092)  (17.365, 12.506)  (7.836, 10.349)  (0.626, 27.598)  (-4.479, 22.919)  (-18.225, 15.398)  (-18.562, 11.193)
step= 56  t=56.000  (-18.918, 5.939)  (-28.739, -8.616)  (-11.316, -19.056)  (4.664, -3.956)  (4.043, -29.002)  (13.203, -20.383)  (13.580, -10.653)  (29.455, -8.709)  (14.806, 7.381)  (18.981, 13.684)  (8.794, 12.104)  (0.920, 29.576)  (-5.190, 24.788)  (-19.475, 16.959)  (-20.424, 11.922)
step= 57  t=57.000  (-20.908, 5.745)  (-30.499, -9.565)  (-12.761, -20.439)  (3.909, -5.807)  (4.213, -30.994)  (14.164, -22.136)  (15.209, -11.812)  (31.429, -9.029)  (16.785, 7.669)  (20.597, 14.862)  (9.752, 13.860)  (1.215, 31.553)  (-5.902, 26.656)  (-20.726, 18.519)  (-22.286, 12.651)
step= 58  t=58.000  (-22.898, 5.552)  (-32.258, -10.514)  (-14.205, -21.821)  (3.155, -7.658)  (4.383, -32.986)  (15.125, -23.890)  (16.839, -12.970)  (33.402, -9.350)  (18.764, 7.958)  (22.213, 16.040)  (10.710, 15.615)  (1.509, 33.531)  (-6.613, 28.525)  (-21.976, 20.079)  (-24.148, 13.380)
step= 59  t=59.000  (-24.889, 5.358)  (-34.018, -11.463)  (-15.650, -23.203)  (2.401, -9.510)  (4.553, -34.978)  (16.085, -25.643)  (18.468, -14.129)  (35.375, -9.670)  (20.742, 8.247)  (23.829, 17.218)  (11.668, 17.370)  (1.804, 35.509)  (-7.325, 30.394)  (-23.227, 21.640)  (-26.010, 14.109)
step= 60  t=60.000  (-26.879, 5.165)  (-35.777, -12.413)  (-17.094, -24.585)  (1.646, -11.361)  (4.724, -36.970)  (17.046, -27.396)  (20.097, -15.288)  (37.349, -9.991)  (22.721, 8.535)  (25.445, 18.396)  (12.626, 19.124)  (2.098, 37.486)  (-8.036, 32.262)  (-24.477, 23.200)  (-27.872, 14.838)
step= 61  t=61.000  (-28.869, 4.971)  (-37.537, -13.362)  (-18.538, -25.967)  (0.892, -13.213)  (4.894, -38.962)  (18.007, -29.149)  (21.726, -16.446)  (39.322, -10.311)  (24.699, 8.824)  (27.061, 19.573)  (13.583, 20.879)  (2.392, 39.464)  (-8.747, 34.130)  (-25.728, 24.760)  (-29.734, 15.567)
step= 62  t=62.000  (-30.859, 4.778)  (-39.296, -14.311)  (-19.983, -27.350)  (0.138, -15.064)  (5.064, -40.954)  (18.968, -30.902)  (23.356, -17.605)  (41.295, -10.632)  (26.677, 9.112)  (28.676, 20.751)  (14.541, 22.634)  (2.687, 41.441)  (-9.459, 35.999)  (-26.978, 26.320)  (-31.595, 16.296)
step= 63  t=63.000  (-32.849, 4.584)  (-41.056, -15.260)  (-21.427, -28.732)  (-0.616, -16.916)  (5.234, -42.946)  (19.928, -32.656)  (24.985, -18.763)  (43.269, -10.952)  (28.656, 9.400)  (30.292, 21.928)  (15.499, 24.389)  (2.981, 43.419)  (-10.170, 37.867)  (-28.228, 27.880)  (-33.457, 17.025)
step= 64  t=64.000  (-34.838, 4.391)  (-42.815, -16.210)  (-22.872, -30.114)  (-1.371, -18.767)  (5.404, -44.937)  (20.889, -34.409)  (26.614, -19.922)  (45.242, -11.272)  (30.634, 9.689)  (31.908, 23.106)  (16.457, 26.144)  (3.276, 45.396)  (-10.882, 39.735)  (-29.479, 29.440)  (-35.319, 17.754)
step= 65  t=65.000  (-36.828, 4.197)  (-44.575, -17.159)  (-24.316, -31.496)  (-2.125, -20.619)  (5.574, -46.929)  (21.850, -36.162)  (28.243, -21.081)  (47.216, -11.593)  (32.612, 9.977)  (33.523, 24.283)  (17.414, 27.899)  (3.570, 47.373)  (-11.593, 41.604)  (-30.729, 31.000)  (-37.180, 18.483)
step= 66  t=66.000  (-38.818, 4.004)  (-46.334, -18.108)  (-25.761, -32.878)  (-2.879, -22.470)  (5.745, -48.921)  (22.811, -37.915)  (29.872, -22.239)  (49.189, -11.913)  (34.590, 10.266)  (35.139, 25.461)  (18.372, 29.654)  (3.864, 49.351)  (-12.304, 43.472)  (-31.979, 32.561)  (-39.042, 19.211)
step= 67  t=67.000  (-40.808, 3.811)  (-48.094, -19.057)  (-27.205, -34.261)  (-3.633, -24.322)  (5.915, -50.913)  (23.771, -39.668)  (31.502, -23.398)  (51.162, -12.234)  (36.569, 10.554)  (36.754, 26.639)  (19.330, 31.409)  (4.159, 51.328)  (-13.016, 45.341)  (-33.229, 34.121)  (-40.904, 19.940)
step= 68  t=68.000  (-42.798, 3.617)  (-49.853, -20.006)  (-28.649, -35.643)  (-4.388, -26.173)  (6.085, -52.905)  (24.732, -41.422)  (33.131, -24.557)  (53.136, -12.554)  (38.547, 10.843)  (38.370, 27.816)  (20.288, 33.163)  (4.453, 53.306)  (-13.727, 47.209)  (-34.480, 35.681)  (-42.765, 20.669)
step= 69  t=69.000  (-44.788, 3.424)  (-51.613, -20.956)  (-30.094, -37.025)  (-5.142, -28.025)  (6.255, -54.897)  (25.693, -43.175)  (34.760, -25.715)  (55.109, -12.875)  (40.525, 11.131)  (39.986, 28.994)  (21.245, 34.918)  (4.748, 55.283)  (-14.438, 49.077)  (-35.730, 37.241)  (-44.627, 21.398)
step= 70  t=70.000  (-46.777, 3.230)  (-53.372, -21.905)  (-31.538, -38.407)  (-5.896, -29.876)  (6.425, -56.889)  (26.654, -44.928)  (36.389, -26.874)  (57.082, -13.195)  (42.504, 11.420)  (41.601, 30.171)  (22.203, 36.673)  (5.042, 57.261)  (-15.150, 50.946)  (-36.980, 38.801)  (-46.488, 22.127)
step= 71  t=71.000  (-48.767, 3.037)  (-55.132, -22.854)  (-32.983, -39.789)  (-6.651, -31.728)  (6.596, -58.881)  (27.615, -46.681)  (38.019, -28.033)  (59.056, -13.516)  (44.482, 11.708)  (43.217, 31.349)  (23.161, 38.428)  (5.336, 59.238)  (-15.861, 52.814)  (-38.230, 40.361)  (-48.350, 22.856)
step= 72  t=72.000  (-50.757, 2.843)  (-56.891, -23.803)  (-34.427, -41.172)  (-7.405, -33.579)  (6.766, -60.873)  (28.575, -48.435)  (39.648, -29.191)  (61.029, -13.836)  (46.460, 11.997)  (44.832, 32.526)  (24.119, 40.183)  (5.631, 61.215)  (-16.573, 54.682)  (-39.481, 41.921)  (-50.212, 23.584)
step= 73  t=73.000  (-52.747, 2.650)  (-58.651, -24.753)  (-35.872, -42.554)  (-8.159, -35.430)  (6.936, -62.865)  (29.536, -50.188)  (41.277, -30.350)  (63.002, -14.157)  (48.438, 12.285)  (46.448, 33.704)  (25.076, 41.938)  (5.925, 63.193)  (-17.284, 56.551)  (-40.731, 43.481)  (-52.073, 24.313)
step= 74  t=74.000  (-54.737, 2.456)  (-60.410, -25.702)  (-37.316, -43.936)  (-8.913, -37.282)  (7.106, -64.857)  (30.497, -51.941)  (42.906, -31.509)  (64.976, -14.477)  (50.417, 12.574)  (48.064, 34.882)  (26.034, 43.693)  (6.220, 65.170)  (-17.995, 58.419)  (-41.981, 45.041)  (-53.935, 25.042)
step= 75  t=75.000  (-56.727, 2.263)  (-62.170, -26.651)  (-38.761, -45.318)  (-9.668, -39.133)  (7.276, -66.849)  (31.458, -53.694)  (44.535, -32.667)  (66.949, -14.797)  (52.395, 12.862)  (49.679, 36.059)  (26.992, 45.447)  (6.514, 67.148)  (-18.707, 60.287)  (-43.231, 46.601)  (-55.797, 25.771)
step= 76  t=76.000  (-58.716, 2.069)  (-63.929, -27.600)  (-40.205, -46.700)  (-10.422, -40.985)  (7.446, -68.841)  (32.418, -55.447)  (46.165, -33.826)  (68.923, -15.118)  (54.373, 13.151)  (51.295, 37.237)  (27.950, 47.202)  (6.808, 69.125)  (-19.418, 62.156)  (-44.482, 48.161)  (-57.658, 26.500)
step= 77  t=77.000  (-60.706, 1.876)  (-65.689, -28.549)  (-41.649, -48.082)  (-11.176, -42.836)  (7.617, -70.833)  (33.379, -57.201)  (47.794, -34.985)  (70.896, -15.438)  (56.352, 13.439)  (52.910, 38.414)  (28.907, 48.957)  (7.103, 71.102)  (-20.129, 64.024)  (-45.732, 49.721)  (-59.520, 27.229)
step= 78  t=78.000  (-62.696, 1.682)  (-67.448, -29.499)  (-43.094, -49.465)  (-11.930, -44.688)  (7.787, -72.825)  (34.340, -58.954)  (49.423, -36.143)  (72.869, -15.759)  (58.330, 13.728)  (54.526, 39.592)  (29.865, 50.712)  (7.397, 73.080)  (-20.841, 65.893)  (-46.982, 51.281)  (-61.381, 27.957)
step= 79  t=79.000  (-64.686, 1.489)  (-69.208, -30.448)  (-44.538, -50.847)  (-12.685, -46.539)  (7.957, -74.817)  (35.301, -60.707)  (51.052, -37.302)  (74.843, -16.079)  (60.308, 14.016)  (56.142, 40.769)  (30.823, 52.467)  (7.692, 75.057)  (-21.552, 67.761)  (-48.232, 52.841)  (-63.243, 28.686)
step= 80  t=80.000  (-66.676, 1.295)  (-70.967, -31.397)  (-45.983, -52.229)  (-13.439, -48.391)  (8.127, -76.809)  (36.262, -62.460)  (52.682, -38.461)  (76.816, -16.400)  (62.287, 14.305)  (57.757, 41.947)  (31.781, 54.222)  (7.986, 77.035)  (-22.264, 69.629)  (-49.483, 54.401)  (-65.105, 29.415)
step= 81  t=81.000  (-68.666, 1.102)  (-72.727, -32.346)  (-47.427, -53.611)  (-14.193, -50.242)  (8.297, -78.801)  (37.222, -64.213)  (54.311, -39.619)  (78.252, -16.633)  (64.265, 14.593)  (59.373, 43.124)  (32.738, 55.977)  (8.280, 79.012)  (-22.975, 71.498)  (-50.733, 55.961)  (-66.966, 30.144)
step= 82  t=82.000  (-70.655, 0.909)  (-73.084, -32.539)  (-48.872, -54.993)  (-14.948, -52.094)  (8.362, -79.562)  (38.183, -65.967)  (55.940, -40.778)  (78.252, -16.633)  (66.243, 14.882)  (60.989, 44.302)  (33.696, 57.732)  (8.362, 79.562)  (-23.686, 73.366)  (-51.983, 57.521)  (-68.828, 30.873)
step= 83  t=83.000  (-72.645, 0.715)  (-73.084, -32.539)  (-50.316, -56.376)  (-15.702, -53.945)  (8.362, -79.562)  (39.144, -67.720)  (57.569, -41.936)  (78.252, -16.633)  (68.221, 15.170)  (62.604, 45.480)  (34.654, 59.486)  (8.362, 79.562)  (-24.398, 75.234)  (-53.234, 59.081)  (-70.690, 31.602)
step= 84  t=84.000  (-74.635, 0.522)  (-73.084, -32.539)  (-51.760, -57.758)  (-16.456, -55.797)  (8.362, -79.562)  (40.000, -69.283)  (59.199, -43.095)  (78.252, -16.633)  (70.200, 15.459)  (64.220, 46.657)  (35.612, 61.241)  (8.362, 79.562)  (-24.721, 76.085)  (-53.530, 59.452)  (-72.551, 32.330)
step= 85  t=85.000  (-76.625, 0.328)  (-73.084, -32.539)  (-53.205, -59.140)  (-17.210, -57.648)  (8.362, -79.562)  (40.000, -69.283)  (60.828, -44.254)  (78.252, -16.633)  (72.178, 15.747)  (64.721, 47.023)  (36.569, 62.996)  (8.362, 79.562)  (-24.721, 76.085)  (-53.530, 59.452)  (-73.084, 32.539)
step= 86  t=86.000  (-78.615, 0.135)  (-73.084, -32.539)  (-53.530, -59.452)  (-17.965, -59.499)  (8.362, -79.562)  (40.000, -69.283)  (62.457, -45.412)  (78.252, -16.633)  (74.156, 16.036)  (64.721, 47.023)  (37.527, 64.751)  (8.362, 79.562)  (-24.721, 76.085)  (-53.530, 59.452)  (-73.084, 32.539)
step= 87  t=87.000  (-80.000, -0.000)  (-73.084, -32.539)  (-53.530, -59.452)  (-18.719, -61.351)  (8.362, -79.562)  (40.000, -69.283)  (64.086, -46.571)  (78.252, -16.633)  (76.135, 16.324)  (64.721, 47.023)  (38.485, 66.506)  (8.362, 79.562)  (-24.721, 76.085)  (-53.530, 59.452)  (-73.084, 32.539)
step= 88  t=88.000  (-80.000, -0.000)  (-73.084, -32.539)  (-53.530, -59.452)  (-19.473, -63.202)  (8.362, -79.562)  (40.000, -69.283)  (64.721, -47.023)  (78.252, -16.633)  (78.113, 16.613)  (64.721, 47.023)  (39.443, 68.261)  (8.362, 79.562)  (-24.721, 76.085)  (-53.530, 59.452)  (-73.084, 32.539)
step= 89  t=89.000  (-80.000, -0.000)  (-73.084, -32.539)  (-53.530, -59.452)  (-20.228, -65.054)  (8.362, -79.562)  (40.000, -69.283)  (64.721, -47.023)  (78.252, -16.633)  (78.252, 16.633)  (64.721, 47.023)  (40.000, 69.282)  (8.362, 79.562)  (-24.721, 76.085)  (-53.530, 59.452)  (-73.084, 32.539)
step= 90  t=90.000  (-80.000, -0.000)  (-73.084, -32.539)  (-53.530, -59.452)  (-20.982, -66.905)  (8.362, -79.562)  (40.000, -69.283)  (64.721, -47.023)  (78.252, -16.633)  (78.252, 16.633)  (64.721, 47.023)  (40.000, 69.282)  (8.362, 79.562)  (-24.721, 76.085)  (-53.530, 59.452)  (-73.084, 32.539)
step= 91  t=91.000  (-80.000, -0.000)  (-73.084, -32.539)  (-53.530, -59.452)  (-21.736, -68.757)  (8.362, -79.562)  (40.000, -69.283)  (64.721, -47.023)  (78.252, -16.633)  (78.252, 16.633)  (64.721, 47.023)  (40.000, 69.282)  (8.362, 79.562)  (-24.721, 76.085)  (-53.530, 59.452)  (-73.084, 32.539)
step= 92  t=92.000  (-80.000, -0.000)  (-73.084, -32.539)  (-53.530, -59.452)  (-22.490, -70.608)  (8.362, -79.562)  (40.000, -69.283)  (64.721, -47.023)  (78.252, -16.633)  (78.252, 16.633)  (64.721, 47.023)  (40.000, 69.282)  (8.362, 79.562)  (-24.721, 76.085)  (-53.530, 59.452)  (-73.084, 32.539)
step= 93  t=93.000  (-80.000, -0.000)  (-73.084, -32.539)  (-53.530, -59.452)  (-23.245, -72.460)  (8.362, -79.562)  (40.000, -69.283)  (64.721, -47.023)  (78.252, -16.633)  (78.252, 16.633)  (64.721, 47.023)  (40.000, 69.282)  (8.362, 79.562)  (-24.721, 76.085)  (-53.530, 59.452)  (-73.084, 32.539)
step= 94  t=94.000  (-80.000, -0.000)  (-73.084, -32.539)  (-53.530, -59.452)  (-23.999, -74.311)  (8.362, -79.562)  (40.000, -69.283)  (64.721, -47.023)  (78.252, -16.633)  (78.252, 16.633)  (64.721, 47.023)  (40.000, 69.282)  (8.362, 79.562)  (-24.721, 76.085)  (-53.530, 59.452)  (-73.084, 32.539)
step= 95  t=95.000  (-80.000, -0.000)  (-73.084, -32.539)  (-53.530, -59.452)  (-24.722, -76.085)  (8.362, -79.562)  (40.000, -69.283)  (64.721, -47.023)  (78.252, -16.633)  (78.252, 16.633)  (64.721, 47.023)  (40.000, 69.282)  (8.362, 79.562)  (-24.721, 76.085)  (-53.530, 59.452)  (-73.084, 32.539)
