Simulation has 15 agents and 0 obstacle vertices in it.
Running simulation
step= 0  t=0.000  (80.000, 0.000)  (73.084, 32.539)  (53.530, 59.452)  (24.721, 76.085)  (-8.362, 79.562)  (-40.000, 69.282)  (-64.721, 47.023)  (-78.252, 16.633)  (-78.252, -16.633)  (-64.721, -47.023)  (-40.000, -69.282)  (-8.362, -79.562)  (24.721, -76.085)  (53.530, -59.452)  (73.084, -32.539)
step= 1  t=1.000  (78.001, 0.000)  (71.257, 31.726)  (52.193, 57.966)  (24.104, 74.183)  (-8.153, 77.573)  (-39.000, 67.551)  (-63.104, 45.848)  (-76.296, 16.217)  (-76.296, -16.217)  (-63.104, -45.848)  (-39.000, -67.551)  (-8.153, -77.573)  (24.104, -74.183)  (52.193, -57.966)  (71.257, -31.726)
step= 2  t=2.000  (76.002, 0.000)  (69.431, 30.913)  (50.855, 56.480)  (23.486, 72.282)  (-7.944, 75.585)  (-38.001, 65.819)  (-61.487, 44.673)  (-74.341, 15.802)  (-74.341, -15.802)  (-61.487, -44.673)  (-38.001, -65.819)  (-7.944, -75.585)  (23.486, -72.282)  (50.855, -56.480)  (69.431, -30.913)
step= 3  t=3.000  (74.002, 0.000)  (67.605, 30.099)  (49.517, 54.994)  (22.868, 70.380)  (-7.735, 73.597)  (-37.001, 64.088)  (-59.869, 43.497)  (-72.385, 15.386)  (-72.385, -15.386)  (-59.869, -43.498)  (-37.001, -64.088)  (-7.735, -73.597)  (22.868, -70.380)  (49.517, -54.994)  (67.605, -30.099)
step= 4  t=4.000  (72.003, 0.000)  (65.778, 29.286)  (48.180, 53.509)  (22.250, 68.479)  (-7.526, 71.609)  (-36.002, 62.357)  (-58.252, 42.322)  (-70.430, 14.970)  (-70.430, -14.970)  (-58.252, -42.322)  (-36.002, -62.357)  (-7.526, -71.609)  (22.250, -68.479)  (48.180, -53.509)  (65.778, -29.286)
step= 5  t=5.000  (70.004, 0.000)  (63.952, 28.473)  (46.842, 52.023)  (21.632, 66.578)  (-7.317, 69.620)  (-35.002, 60.625)  (-56.634, 41.147)  (-68.474, 14.555)  (-68.474, -14.555)  (-56.634, -41.147)  (-35.002, -60.625)  (-7.317, -69.620)  (21.632, -66.578)  (46.842, -52.023)  (63.952, -28.473)
step= 6  t=6.000  (68.005, 0.000)  (62.125, 27.660)  (45.504, 50.537)  (21.015, 64.676)  (-7.108, 67.632)  (-34.002, 58.894)  (-55.017, 39.972)  (-66.519, 14.139)  (-66.519, -14.139)  (-55.017, -39.972)  (-34.002, -58.894)  (-7.108, -67.632)  (21.015, -64.676)  (45.504, -50.537)  (62.125, -27.660)
step= 7  t=7.000  (66.006, 0.000)  (60.299, 26.847)  (44.166, 49.052)  (20.397, 62.775)  (-6.899, 65.644)  (-33.003, 57.162)  (-53.400, 38.797)  (-64.563, 13.723)  (-64.563, -13.723)  (-53.400, -38.797)  (-33.003, -57.162)  (-6.899, -65.644)  (20.397, -62.775)  (44.166, -49.052)  (60.299, -26.847)
step= 8  t=8.000  (64.006, 0.000)  (58.473, 26.034)  (42.829, 47.566)  (19.779, 60.874)  (-6.690, 63.656)  (-32.003, 55.431)  (-51.782, 37.622)  (-62.608, 13.308)  (-62.608, -13.308)  (-51.782, -37.622)  (-32.003, -55.431)  (-6.690, -63.656)  (19.779, -60.874)  (42.829, -47.566)  (58.473, -26.034)
step= 9  t=9.000  (62.007, 0.000)  (56.646, 25.221)  (41.491, 46.080)  (19.161, 58.972)  (-6.482, 61.667)  (-31.004, 53.700)  (-50.165, 36.447)  (-60.652, 12.892)  (-60.652, -12.892)  (-50.165, -36.447)  (-31.004, -53.700)  (-6.482, -61.667)  (19.161, -58.972)  (41.491, -46.080)  (56.646, -25.221)
step= 10  t=10.000  (60.008, 0.000)  (54.820, 24.407)  (40.153, 44.595)  (18.543, 57.071)  (-6.273, 59.679)  (-30.004, 51.968)  (-48.547, 35.272)  (-58.697, 12.476)  (-58.697, -12.476)  (-48.547, -35.272)  (-30.004, -51.968)  (-6.273, -59.679)  (18.543, -57.071)  (40.153, -44.595)  (54.820, -24.407)
step= 11  t=11.000  (58.009, 0.000)  (52.994, 23.594)  (38.815, 43.109)  (17.926, 55.170)  (-6.064, 57.691)  (-29.004, 50.237)  (-46.930, 34.097)  (-56.741, 12.061)  (-56.741, -12.061)  (-46.930, -34.097)  (-29.004, -50.237)  (-6.064, -57.691)  (17.926, -55.170)  (38.815, -43.109)  (52.994, -23.594)
step= 12  t=12.000  (56.009, 0.000)  (51.167, 22.781)  (37.478, 41.623)  (17.308, 53.268)  (-5.855, 55.703)  (-28.005, 48.506)  (-45.313, 32.922)  (-54.786, 11.645)  (-54.786, -11.645)  (-45.313, -32.922)  (-28.005, -48.506)  (-5.855, -55.703)  (17.308, -53.268)  (37.478, -41.623)  (51.167, -22.781)
step= 13  t=13.000  (54.010, 0.000)  (49.341, 21.968)  (36.140, 40.137)  (16.690, 51.367)  (-5.646, 53.714)  (-27.005, 46.774)  (-43.695, 31.746)  (-52.830, 11.229)  (-52.830, -11.229)  (-43.695, -31.746)  (-27.005, -46.774)  (-5.646, -53.714)  (16.690, -51.367)  (36.140, -40.137)  (49.341, -21.968)
step= 14  t=14.000  (52.011, 0.000)  (47.514, 21.155)  (34.802, 38.652)  (16.072, 49.465)  (-5.437, 51.726)  (-26.006, 45.043)  (-42.078, 30.571)  (-50.874, 10.814)  (-50.874, -10.814)  (-42.078, -30.571)  (-26.006, -45.043)  (-5.437, -51.726)  (16.072, -49.465)  (34.802, -38.652)  (47.514, -21.155)
step= 15  t=15.000  (50.012, 0.000)  (45.688, 20.342)  (33.464, 37.166)  (15.455, 47.564)  (-5.228, 49.738)  (-25.006, 43.312)  (-40.460, 29.396)  (-48.919, 10.398)  (-48.919, -10.398)  (-40.460, -29.396)  (-25.006, -43.312)  (-5.228, -49.738)  (15.455, -47.564)  (33.464, -37.166)  (45.688, -20.342)
step= 16  t=16.000  (48.013, 0.000)  (43.862, 19.528)  (32.127, 35.680)  (14.837, 45.663)  (-5.019, 47.750)  (-24.006, 41.580)  (-38.843, 28.221)  (-46.963, 9.982)  (-46.963, -9.982)  (-38.843, -28.221)  (-24.006, -41.580)  (-5.019, -47.750)  (14.837, -45.663)  (32.127, -35.680)  (43.862, -19.528)
step= 17  t=17.000  (46.013, 0.000)  (42.035, 18.715)  (30.789, 34.195)  (14.219, 43.761)  (-4.810, 45.761)  (-23.007, 39.849)  (-37.226, 27.046)  (-45.008, 9.567)  (-45.008, -9.567)  (-37.226, -27.046)  (-23.007, -39.849)  (-4.810, -45.761)  (14.219, -43.761)  (30.789, -34.195)  (42.035, -18.715)
step= 18  t=18.000  (44.014, 0.000)  (40.209, 17.902)  (29.451, 32.709)  (13.601, 41.860)  (-4.601, 43.773)  (-22.007, 38.117)  (-35.608, 25.871)  (-43.052, 9.151)  (-43.052, -9.151)  (-35.608, -25.871)  (-22.007, -38.117)  (-4.601, -43.773)  (13.601, -41.860)  (29.451, -32.709)  (40.209, -17.902)
step= 19  t=19.000  (42.015, 0.000)  (38.383, 17.089)  (28.114, 31.223)  (12.983, 39.959)  (-4.392, 41.785)  (-21.007, 36.386)  (-33.991, 24.696)  (-41.097, 8.735)  (-41.097, -8.735)  (-33.991, -24.696)  (-21.007, -36.386)  (-4.392, -41.785)  (12.983, -39.959)  (28.114, -31.223)  (38.383, -17.089)
step= 20  t=20.000  (40.016, 0.000)  (36.556, 16.276)  (26.776, 29.738)  (12.366, 38.057)  (-4.183, 39.797)  (-20.008, 34.655)  (-32.373, 23.521)  (-39.141, 8.320)  (-39.141, -8.320)  (-32.373, -23.521)  (-20.008, -34.655)  (-4.183, -39.797)  (12.366, -38.057)  (26.776, -29.738)  (36.556, -16.276)
step= 21  t=21.000  (38.017, 0.000)  (34.730, 15.463)  (25.438, 28.252)  (11.748, 36.156)  (-3.974, 37.808)  (-19.008, 32.923)  (-30.756, 22.346)  (-37.186, 7.904)  (-37.186, -7.904)  (-30.756, -22.346)  (-19.008, -32.923)  (-3.974, -37.808)  (11.748, -36.156)  (25.438, -28.252)  (34.730, -15.463)
step= 22  t=22.000  (36.017, 0.000)  (32.903, 14.650)  (24.100, 26.766)  (11.130, 34.255)  (-3.765, 35.820)  (-18.009, 31.192)  (-29.139, 21.170)  (-35.230, 7.488)  (-35.230, -7.488)  (-29.139, -21.170)  (-18.009, -31.192)  (-3.765, -35.820)  (11.130, -34.255)  (24.100, -26.766)  (32.904, -14.650)
step= 23  t=23.000  (34.018, 0.000)  (31.077, 13.836)  (22.763, 25.280)  (10.512, 32.353)  (-3.556, 33.832)  (-17.009, 29.461)  (-27.521, 19.995)  (-33.275, 7.073)  (-33.275, -7.073)  (-27.521, -19.995)  (-17.009, -29.461)  (-3.556, -33.832)  (10.512, -32.353)  (22.763, -25.280)  (31.077, -13.836)
step= 24  t=24.000  (32.019, 0.000)  (29.251, 13.023)  (21.425, 23.795)  (9.894, 30.452)  (-3.347, 31.844)  (-16.009, 27.729)  (-25.904, 18.820)  (-31.319, 6.657)  (-31.319, -6.657)  (-25.904, -18.820)  (-16.009, -27.729)  (-3.347, -31.844)  (9.894, -30.452)  (21.425, -23.795)  (29.251, -13.023)
step= 25  t=25.000  (30.020, 0.000)  (27.424, 12.210)  (20.087, 22.309)  (9.277, 28.550)  (-3.138, 29.855)  (-15.010, 25.998)  (-24.286, 17.645)  (-29.364, 6.241)  (-29.364, -6.241)  (-24.286, -17.645)  (-15.010, -25.998)  (-3.138, -29.855)  (9.277, -28.550)  (20.087, -22.309)  (27.424, -12.210)
step= 26  t=26.000  (28.021, 0.000)  (25.598, 11.397)  (18.749, 20.823)  (8.659, 26.649)  (-2.929, 27.867)  (-14.010, 24.266)  (-22.669, 16.470)  (-27.408, 5.826)  (-27.408, -5.826)  (-22.669, -16.470)  (-14.010, -24.266)  (-2.929, -27.867)  (8.659, -26.649)  (18.749, -20.823)  (25.598, -11.397)
step= 27  t=27.000  (26.021, 0.000)  (23.772, 10.584)  (17.412, 19.338)  (8.041, 24.748)  (-2.720, 25.879)  (-13.011, 22.535)  (-21.052, 15.295)  (-25.453, 5.410)  (-25.453, -5.410)  (-21.052, -15.295)  (-13.011, -22.535)  (-2.720, -25.879)  (8.041, -24.748)  (17.412, -19.338)  (23.772, -10.584)
step= 28  t=28.000  (24.022, 0.000)  (21.945, 9.771)  (16.074, 17.852)  (7.423, 22.846)  (-2.511, 23.891)  (-12.011, 20.804)  (-19.434, 14.120)  (-23.497, 4.994)  (-23.497, -4.994)  (-19.434, -14.120)  (-12.011, -20.804)  (-2.511, -23.890)  (7.423, -22.846)  (16.074, -17.852)  (21.945, -9.771)
step= 29  t=29.000  (22.023, -0.000)  (20.119, 8.958)  (14.736, 16.366)  (6.805, 20.945)  (-2.302, 21.903)  (-11.012, 19.073)  (-17.817, 12.945)  (-21.542, 4.579)  (-21.542, -4.579)  (-17.817, -12.945)  (-11.012, -19.073)  (-2.302, -21.903)  (6.806, -20.945)  (14.736, -16.366)  (20.119, -8.958)
step= 30  t=30.000  (20.024, -0.000)  (18.293, 8.144)  (13.398, 14.880)  (6.188, 19.043)  (-2.093, 19.914)  (-10.012, 17.341)  (-16.200, 11.770)  (-19.587, 4.163)  (-19.586, -4.163)  (-16.200, -11.770)  (-10.012, -17.341)  (-2.093, -19.914)  (6.188, -19.044)  (13.399, -14.881)  (18.293, -8.144)
step= 31  t=31.000  (18.025, -0.000)  (16.466, 7.331)  (12.061, 13.395)  (5.570, 17.142)  (-1.884, 17.926)  (-9.012, 15.610)  (-14.583, 10.595)  (-17.631, 3.748)  (-17.631, -3.748)  (-14.582, -10.595)  (-9.012, -15.610)  (-1.884, -17.926)  (5.570, -17.142)  (12.061, -13.395)  (16.466, -7.331)
step= 32  t=32.000  (16.025, -0.000)  (14.640, 6.518)  (10.723, 11.909)  (4.952, 15.241)  (-1.675, 15.937)  (-8.013, 13.878)  (-12.965, 9.420)  (-15.675, 3.332)  (-15.675, -3.332)  (-12.965, -9.420)  (-8.013, -13.878)  (-1.675, -15.938)  (4.952, -15.241)  (10.723, -11.909)  (14.640, -6.518)
step= 33  t=33.000  (14.180, -0.010)  (12.948, 5.769)  (9.411, 10.470)  (4.340, 13.396)  (-1.477, 14.152)  (-7.090, 12.269)  (-11.347, 8.244)  (-15.305, 3.260)  (-13.839, -2.964)  (-11.434, -8.343)  (-7.280, -12.634)  (-1.503, -14.434)  (4.409, -13.591)  (9.485, -10.504)  (13.008, -5.783)
step= 34  t=34.000  (16.075, 0.631)  (11.335, 5.103)  (8.280, 9.434)  (4.297, 12.252)  (-1.260, 12.457)  (-6.275, 10.719)  (-9.753, 7.037)  (-14.212, 3.118)  (-11.903, -2.505)  (-9.751, -7.300)  (-6.499, -11.306)  (-1.356, -12.856)  (3.736, -11.895)  (8.155, -9.010)  (11.489, -5.108)
step= 35  t=35.000  (16.001, 1.056)  (9.509, 4.289)  (6.982, 8.395)  (3.894, 11.109)  (-0.866, 10.584)  (-5.494, 9.160)  (-8.075, 5.949)  (-12.700, 2.799)  (-10.119, -2.087)  (-8.063, -6.341)  (-5.755, -9.881)  (-1.124, -11.350)  (2.767, -10.145)  (6.872, -7.476)  (9.954, -4.387)
step= 36  t=36.000  (14.845, 1.257)  (7.681, 3.478)  (5.873, 7.290)  (3.423, 9.916)  (-0.538, 8.789)  (-4.673, 7.671)  (-6.449, 4.784)  (-11.131, 2.475)  (-8.379, -1.671)  (-6.312, -5.375)  (-5.077, -8.529)  (-0.864, -9.885)  (1.846, -8.370)  (5.580, -5.964)  (8.423, -3.669)
step= 37  t=37.000  (13.141, 1.300)  (5.806, 2.782)  (4.909, 6.165)  (2.952, 8.661)  (-0.206, 7.023)  (-3.944, 6.146)  (-4.840, 3.596)  (-9.455, 2.269)  (-6.697, -1.261)  (-4.641, -4.277)  (-4.423, -7.201)  (-0.561, -8.407)  (1.079, -6.766)  (4.205, -4.512)  (6.895, -2.929)
step= 38  t=38.000  (11.216, 1.319)  (3.897, 2.187)  (4.188, 4.961)  (2.475, 7.394)  (0.116, 5.325)  (-3.486, 4.421)  (-3.348, 2.450)  (-7.785, 2.068)  (-4.970, -0.935)  (-2.921, -3.256)  (-3.816, -5.956)  (-0.226, -7.036)  (0.383, -5.230)  (2.807, -3.081)  (5.294, -2.288)
step= 39  t=39.000  (9.234, 1.309)  (1.964, 1.674)  (3.498, 3.790)  (1.854, 6.108)  (0.530, 3.688)  (-3.119, 2.656)  (-1.992, 1.474)  (-6.119, 1.959)  (-3.349, -0.684)  (-1.292, -2.212)  (-3.249, -4.838)  (0.127, -5.921)  (-0.290, -3.816)  (1.394, -1.705)  (3.608, -1.478)
step= 40  t=40.000  (7.284, 1.328)  (0.085, 1.164)  (2.771, 2.786)  (1.069, 4.983)  (0.928, 2.285)  (-3.022, 0.680)  (-1.025, 0.744)  (-4.649, 1.792)  (-1.899, -0.520)  (0.685, -1.909)  (-2.508, -3.753)  (0.340, -5.122)  (-0.917, -2.358)  (0.560, -0.552)  (1.879, -0.484)
step= 41  t=41.000  (5.289, 1.435)  (-1.603, 0.826)  (2.096, 1.955)  (0.362, 3.937)  (1.218, 1.066)  (-3.241, -1.067)  (-0.491, 0.605)  (-3.471, 1.694)  (-1.108, -0.282)  (2.544, -1.444)  (-1.756, -2.652)  (0.492, -4.581)  (-1.247, -1.327)  (-0.181, 0.064)  (0.611, 0.223)
step= 42  t=42.000  (3.997, 1.828)  (-2.583, 0.574)  (1.557, 1.162)  (-0.349, 3.059)  (1.827, -0.825)  (-3.552, -2.672)  (0.331, 0.420)  (-3.011, 1.657)  (-0.380, -0.286)  (4.256, -0.679)  (-1.057, -1.606)  (0.559, -4.219)  (-1.764, -0.355)  (-1.291, 0.767)  (-0.509, 1.030)
step= 43  t=43.000  (2.838, 2.295)  (-4.393, -0.276)  (1.161, 1.016)  (-0.766, 2.596)  (2.445, -2.713)  (-3.133, -4.354)  (2.070, -0.019)  (-3.107, 2.031)  (0.951, -1.326)  (5.826, 0.560)  (-0.676, -0.980)  (0.660, -3.942)  (-2.192, 0.351)  (-2.177, 1.390)  (-1.137, 1.404)
step= 44  t=44.000  (1.561, 2.970)  (-6.202, -1.126)  (0.624, 1.126)  (-0.919, 2.398)  (3.056, -4.611)  (-2.318, -6.037)  (3.896, -0.835)  (-4.711, 2.780)  (2.048, -1.908)  (7.396, 1.798)  (0.290, -0.720)  (0.693, -3.596)  (-2.763, 0.444)  (-4.176, 1.462)  (-1.943, 1.851)
step= 45  t=45.000  (0.214, 3.708)  (-8.012, -1.976)  (0.436, 1.388)  (-1.079, 2.342)  (3.508, -6.559)  (-1.335, -7.704)  (5.489, -2.044)  (-5.818, 3.598)  (3.386, -1.881)  (8.966, 3.037)  (1.959, 0.061)  (0.794, -2.995)  (-3.840, 0.612)  (-5.614, 1.572)  (-2.886, 2.406)
step= 46  t=46.000  (-1.345, 4.438)  (-9.822, -2.827)  (0.438, 1.677)  (-1.741, 1.682)  (4.002, -8.497)  (-0.366, -9.315)  (7.081, -3.254)  (-6.729, 4.347)  (5.287, -1.485)  (10.536, 4.275)  (3.318, 1.529)  (1.497, -1.734)  (-4.996, 1.014)  (-6.984, 2.064)  (-4.166, 2.873)
step= 47  t=47.000  (-2.840, 5.017)  (-11.632, -3.677)  (0.305, 0.949)  (-2.308, -0.235)  (4.533, -10.425)  (0.634, -10.874)  (8.674, -4.463)  (-7.681, 5.027)  (7.228, -1.003)  (12.105, 5.514)  (4.270, 3.287)  (2.193, 0.099)  (-5.880, 1.352)  (-8.628, 3.086)  (-5.573, 3.409)
step= 48  t=48.000  (-4.268, 5.409)  (-13.442, -4.527)  (-0.682, -0.027)  (-2.875, -2.153)  (5.055, -12.356)  (1.661, -12.413)  (10.265, -5.672)  (-8.690, 5.702)  (9.168, -0.521)  (13.674, 6.751)  (5.222, 5.045)  (2.718, 2.029)  (-6.186, 1.885)  (-10.214, 4.304)  (-7.309, 3.907)
step= 49  t=49.000  (-5.856, 5.413)  (-15.251, -5.376)  (-2.011, -1.490)  (-3.441, -4.070)  (5.575, -14.287)  (2.689, -13.952)  (11.857, -6.881)  (-8.880, 7.210)  (11.109, -0.040)  (15.243, 7.989)  (6.174, 6.804)  (2.863, 4.023)  (-6.114, 2.919)  (-11.688, 5.656)  (-9.094, 4.418)
step= 50  t=50.000  (-7.769, 5.233)  (-17.061, -6.226)  (-3.339, -2.984)  (-4.008, -5.987)  (6.079, -16.222)  (3.716, -15.489)  (13.449, -8.089)  (-8.181, 8.687)  (13.049, 0.442)  (16.813, 9.227)  (7.126, 8.562)  (3.008, 6.018)  (-6.042, 3.926)  (-12.915, 7.235)  (-10.925, 5.222)
step= 51  t=51.000  (-9.763, 5.088)  (-18.870, -7.076)  (-4.667, -4.478)  (-4.574, -7.904)  (6.587, -18.157)  (4.745, -17.027)  (15.041, -9.298)  (-6.315, 9.407)  (14.989, 0.924)  (18.382, 10.465)  (8.078, 10.320)  (3.153, 8.011)  (-6.610, 5.549)  (-14.143, 8.813)  (-12.755, 6.027)
step= 52  t=52.000  (-11.757, 4.944)  (-20.680, -7.926)  (-5.995, -5.972)  (-5.141, -9.821)  (7.074, -20.097)  (5.775, -18.564)  (16.634, -10.507)  (-4.404, 8.819)  (16.929, 1.406)  (19.952, 11.704)  (9.030, 12.078)  (3.299, 10.006)  (-7.108, 7.485)  (-15.370, 10.391)  (-14.586, 6.831)
step= 53  t=53.000  (-13.751, 4.800)  (-22.489, -8.776)  (-7.323, -7.466)  (-5.707, -11.738)  (7.549, -22.040)  (6.811, -20.103)  (18.226, -11.716)  (-2.494, 8.231)  (18.869, 1.887)  (21.521, 12.942)  (9.981, 13.835)  (3.444, 11.999)  (-7.605, 9.422)  (-16.598, 11.969)  (-16.416, 7.635)
step= 54  t=54.000  (-15.745, 4.655)  (-24.299, -9.626)  (-8.651, -8.960)  (-6.274, -13.655)  (7.577, -24.038)  (7.929, -21.760)  (19.818, -12.925)  (-0.584, 7.643)  (20.810, 2.369)  (23.091, 14.180)  (10.933, 15.593)  (3.589, 13.993)  (-8.102, 11.358)  (-17.825, 13.547)  (-18.246, 8.440)
step= 55  t=55.000  (-17.739, 4.511)  (-26.108, -10.476)  (-9.979, -10.454)  (-6.840, -15.572)  (7.605, -26.037)  (9.047, -23.417)  (21.410, -14.134)  (1.327, 7.054)  (22.750, 2.851)  (24.660, 15.418)  (11.885, 17.351)  (3.734, 15.986)  (-8.599, 13.294)  (-19.053, 15.125)  (-20.076, 9.244)
step= 56  t=56.000  (-19.732, 4.366)  (-27.918, -11.326)  (-11.307, -11.948)  (-7.407, -17.489)  (7.634, -28.036)  (10.165, -25.074)  (23.002, -15.343)  (3.237, 6.466)  (24.690, 3.333)  (26.230, 16.657)  (12.836, 19.109)  (3.879, 17.980)  (-9.096, 15.231)  (-20.280, 16.703)  (-21.906, 10.048)
step= 57  t=57.000  (-21.726, 4.222)  (-29.728, -12.176)  (-12.635, -13.442)  (-7.973, -19.406)  (7.662, -30.034)  (11.284, -26.731)  (24.594, -16.552)  (5.148, 5.878)  (26.631, 3.815)  (27.800, 17.895)  (13.788, 20.867)  (4.024, 19.974)  (-9.593, 17.167)  (-21.507, 18.281)  (-23.736, 10.852)
step= 58  t=58.000  (-23.720, 4.077)  (-31.537, -13.026)  (-13.963, -14.936)  (-8.539, -21.323)  (7.690, -32.033)  (12.402, -28.388)  (26.187, -17.761)  (7.058, 5.289)  (28.571, 4.296)  (29.369, 19.133)  (14.740, 22.624)  (4.169, 21.967)  (-10.091, 19.103)  (-22.734, 19.858)  (-25.566, 11.656)
step= 59  t=59.000  (-25.713, 3.933)  (-33.347, -13.875)  (-15.291, -16.430)  (-9.106, -23.240)  (7.718, -34.032)  (13.520, -30.044)  (27.779, -18.970)  (8.969, 4.701)  (30.511, 4.778)  (30.939, 20.371)  (15.691, 24.383)  (4.315, 23.961)  (-10.588, 21.040)  (-23.962, 21.436)  (-27.396, 12.461)
step= 60  t=60.000  (-27.707, 3.788)  (-35.156, -14.725)  (-16.619, -17.924)  (-9.672, -25.157)  (7.747, -36.030)  (14.638, -31.701)  (29.371, -20.180)  (10.880, 4.113)  (32.451, 5.260)  (32.508, 21.610)  (16.643, 26.141)  (4.460, 25.955)  (-11.085, 22.976)  (-25.189, 23.014)  (-29.226, 13.265)
step= 61  t=61.000  (-29.701, 3.644)  (-36.966, -15.575)  (-17.947, -19.419)  (-10.239, -27.074)  (7.775, -38.029)  (15.756, -33.358)  (30.963, -21.389)  (12.790, 3.524)  (34.392, 5.742)  (34.078, 22.848)  (17.595, 27.899)  (4.605, 27.949)  (-11.582, 24.913)  (-26.416, 24.592)  (-31.056, 14.069)
step= 62  t=62.000  (-31.695, 3.500)  (-38.775, -16.425)  (-19.275, -20.913)  (-10.805, -28.991)  (7.803, -40.028)  (16.874, -35.015)  (32.555, -22.598)  (14.701, 2.936)  (36.332, 6.224)  (35.647, 24.086)  (18.547, 29.657)  (4.750, 29.943)  (-12.079, 26.849)  (-27.644, 26.170)  (-32.886, 14.873)
step= 63  t=63.000  (-33.689, 3.355)  (-40.585, -17.275)  (-20.603, -22.407)  (-11.372, -30.909)  (7.831, -42.027)  (17.993, -36.672)  (34.148, -23.807)  (16.612, 2.348)  (38.272, 6.705)  (37.217, 25.324)  (19.499, 31.415)  (4.895, 31.937)  (-12.577, 28.785)  (-28.871, 27.748)  (-34.716, 15.678)
step= 64  t=64.000  (-35.683, 3.211)  (-42.394, -18.125)  (-21.931, -23.901)  (-11.939, -32.826)  (7.860, -44.026)  (19.111, -38.329)  (35.740, -25.016)  (18.522, 1.759)  (40.213, 7.187)  (38.787, 26.563)  (20.451, 33.173)  (5.040, 33.931)  (-13.074, 30.722)  (-30.099, 29.326)  (-36.547, 16.482)
step= 65  t=65.000  (-37.676, 3.066)  (-44.204, -18.975)  (-23.260, -25.396)  (-12.505, -34.743)  (7.888, -46.025)  (20.229, -39.986)  (37.332, -26.225)  (20.433, 1.171)  (42.153, 7.669)  (40.356, 27.801)  (21.402, 34.931)  (5.185, 35.925)  (-13.571, 32.658)  (-31.326, 30.904)  (-38.377, 17.287)
step= 66  t=66.000  (-39.670, 2.922)  (-46.014, -19.825)  (-24.588, -26.890)  (-13.072, -36.660)  (7.916, -48.024)  (21.348, -41.644)  (38.924, -27.434)  (22.344, 0.583)  (44.093, 8.151)  (41.926, 29.039)  (22.354, 36.689)  (5.331, 37.919)  (-14.068, 34.595)  (-32.553, 32.482)  (-40.207, 18.091)
step= 67  t=67.000  (-41.664, 2.777)  (-47.823, -20.675)  (-25.916, -28.384)  (-13.638, -38.578)  (7.945, -50.023)  (22.466, -43.301)  (40.516, -28.643)  (24.254, -0.006)  (46.033, 8.633)  (43.495, 30.277)  (23.306, 38.447)  (5.476, 39.913)  (-14.565, 36.531)  (-33.781, 34.060)  (-42.038, 18.895)
step= 68  t=68.000  (-43.658, 2.633)  (-49.633, -21.525)  (-27.244, -29.878)  (-14.205, -40.495)  (7.973, -52.022)  (23.584, -44.958)  (42.109, -29.852)  (26.165, -0.594)  (47.974, 9.114)  (45.065, 31.516)  (24.258, 40.205)  (5.621, 41.906)  (-15.063, 38.467)  (-35.008, 35.639)  (-43.868, 19.700)
step= 69  t=69.000  (-45.652, 2.488)  (-51.442, -22.374)  (-28.572, -31.373)  (-14.771, -42.412)  (8.001, -54.021)  (24.703, -46.615)  (43.701, -31.061)  (28.076, -1.182)  (49.914, 9.596)  (46.635, 32.754)  (25.210, 41.963)  (5.766, 43.900)  (-15.560, 40.404)  (-36.236, 37.217)  (-45.698, 20.504)
step= 70  t=70.000  (-47.646, 2.344)  (-53.252, -23.224)  (-29.901, -32.867)  (-15.338, -44.329)  (8.029, -56.020)  (25.821, -48.272)  (45.293, -32.270)  (29.987, -1.771)  (51.854, 10.078)  (48.204, 33.992)  (26.162, 43.721)  (5.911, 45.894)  (-16.057, 42.340)  (-37.463, 38.795)  (-47.528, 21.308)
step= 71  t=71.000  (-49.640, 2.199)  (-55.061, -24.074)  (-31.229, -34.361)  (-15.904, -46.247)  (8.058, -58.019)  (26.939, -49.929)  (46.885, -33.479)  (31.897, -2.359)  (53.795, 10.560)  (49.774, 35.230)  (27.113, 45.480)  (6.056, 47.888)  (-16.554, 44.277)  (-38.691, 40.373)  (-49.359, 22.113)
step= 72  t=72.000  (-51.634, 2.055)  (-56.871, -24.924)  (-32.557, -35.855)  (-16.471, -48.164)  (8.086, -60.018)  (28.058, -51.586)  (48.477, -34.688)  (33.808, -2.947)  (55.735, 11.042)  (51.343, 36.469)  (28.065, 47.238)  (6.202, 49.882)  (-17.051, 46.213)  (-39.918, 41.951)  (-51.189, 22.917)
step= 73  t=73.000  (-53.628, 1.911)  (-58.680, -25.774)  (-33.885, -37.350)  (-17.037, -50.081)  (8.114, -62.017)  (29.176, -53.244)  (50.070, -35.897)  (35.719, -3.536)  (57.675, 11.523)  (52.913, 37.707)  (29.017, 48.996)  (6.347, 51.876)  (-17.549, 48.149)  (-41.145, 43.529)  (-53.019, 23.721)
step= 74  t=74.000  (-55.622, 1.766)  (-60.490, -26.624)  (-35.213, -38.844)  (-17.604, -51.998)  (8.142, -64.016)  (30.295, -54.901)  (51.662, -37.106)  (37.629, -4.124)  (59.615, 12.005)  (54.482, 38.945)  (29.969, 50.754)  (6.492, 53.870)  (-18.046, 50.086)  (-42.373, 45.107)  (-54.849, 24.526)
step= 75  t=75.000  (-57.616, 1.622)  (-62.300, -27.474)  (-36.541, -40.338)  (-18.171, -53.916)  (8.171, -66.015)  (31.413, -56.558)  (53.254, -38.315)  (39.540, -4.713)  (61.556, 12.487)  (56.052, 40.184)  (30.921, 52.512)  (6.637, 55.864)  (-18.543, 52.022)  (-43.600, 46.685)  (-56.680, 25.330)
step= 76  t=76.000  (-59.610, 1.477)  (-64.109, -28.324)  (-37.870, -41.832)  (-18.737, -55.833)  (8.199, -68.014)  (32.531, -58.215)  (54.846, -39.524)  (41.451, -5.301)  (63.496, 12.969)  (57.622, 41.422)  (31.873, 54.270)  (6.782, 57.858)  (-19.040, 53.958)  (-44.828, 48.263)  (-58.510, 26.134)
step= 77  t=77.000  (-61.604, 1.333)  (-65.919, -29.174)  (-39.198, -43.327)  (-19.304, -57.750)  (8.227, -70.013)  (33.650, -59.872)  (56.438, -40.733)  (43.361, -5.889)  (65.436, 13.451)  (59.191, 42.660)  (32.824, 56.028)  (6.927, 59.852)  (-19.537, 55.895)  (-46.055, 49.841)  (-60.340, 26.939)
step= 78  t=78.000  (-63.598, 1.188)  (-67.728, -30.024)  (-40.526, -44.821)  (-19.870, -59.668)  (8.256, -72.012)  (34.768, -61.529)  (58.031, -41.942)  (45.272, -6.478)  (67.377, 13.932)  (60.761, 43.898)  (33.776, 57.786)  (7.073, 61.846)  (-20.035, 57.831)  (-47.283, 51.419)  (-62.170, 27.743)
step= 79  t=79.000  (-65.592, 1.044)  (-69.538, -30.874)  (-41.854, -46.315)  (-20.437, -61.585)  (8.284, -74.011)  (35.886, -63.186)  (59.623, -43.151)  (47.183, -7.066)  (69.317, 14.414)  (62.330, 45.137)  (34.728, 59.544)  (7.218, 63.840)  (-20.532, 59.768)  (-48.510, 52.997)  (-64.001, 28.547)
step= 80  t=80.000  (-67.586, 0.899)  (-71.347, -31.723)  (-43.182, -47.809)  (-21.003, -63.502)  (8.312, -76.010)  (37.005, -64.844)  (61.215, -44.360)  (49.093, -7.654)  (71.257, 14.896)  (63.900, 46.375)  (35.680, 61.302)  (7.363, 65.834)  (-21.029, 61.704)  (-49.737, 54.575)  (-65.831, 29.352)
step= 81  t=81.000  (-69.580, 0.755)  (-73.084, -32.539)  (-44.510, -49.304)  (-21.570, -65.419)  (8.340, -78.009)  (38.123, -66.501)  (62.807, -45.569)  (51.004, -8.243)  (73.197, 15.378)  (64.721, 47.023)  (36.632, 63.060)  (7.508, 67.828)  (-21.526, 63.640)  (-50.965, 56.153)  (-67.661, 30.156)
step= 82  t=82.000  (-71.574, 0.610)  (-73.084, -32.539)  (-45.839, -50.798)  (-22.136, -67.337)  (8.362, -79.562)  (39.241, -68.158)  (64.399, -46.778)  (52.915, -8.831)  (75.138, 15.860)  (64.721, 47.023)  (37.583, 64.819)  (7.653, 69.822)  (-22.023, 65.577)  (-52.192, 57.731)  (-69.492, 30.960)
step= 83  t=83.000  (-73.568, 0.466)  (-73.084, -32.539)  (-47.167, -52.292)  (-22.703, -69.254)  (8.362, -79.562)  (40.000, -69.282)  (64.721, -47.023)  (54.825, -9.419)  (77.078, 16.341)  (64.721, 47.023)  (38.535, 66.577)  (7.798, 71.815)  (-22.521, 67.513)  (-53.420, 59.309)  (-71.322, 31.765)
step= 84  t=84.000  (-75.562, 0.322)  (-73.084, -32.539)  (-48.495, -53.786)  (-23.269, -71.171)  (8.362, -79.562)  (40.000, -69.282)  (64.721, -47.023)  (56.736, -10.008)  (78.252, 16.633)  (64.721, 47.023)  (39.487, 68.335)  (7.944, 73.809)  (-23.018, 69.450)  (-53.530, 59.452)  (-73.084, 32.539)
step= 85  t=85.000  (-77.556, 0.177)  (-73.084, -32.539)  (-49.823, -55.281)  (-23.836, -73.088)  (8.362, -79.562)  (40.000, -69.282)  (64.721, -47.023)  (58.647, -10.596)  (78.252, 16.633)  (64.721, 47.023)  (40.000, 69.282)  (8.089, 75.803)  (-23.515, 71.386)  (-53.530, 59.452)  (-73.084, 32.539)
step= 86  t=86.000  (-79.550, 0.033)  (-73.084, -32.539)  (-51.151, -56.775)  (-24.403, -75.006)  (8.362, -79.562)  (40.000, -69.282)  (64.721, -47.023)  (60.557, -11.184)  (78.252, 16.633)  (64.721, 47.023)  (40.000, 69.282)  (8.234, 77.797)  (-24.012, 73.322)  (-53.530, 59.452)  (-73.084, 32.539)
step= 87  t=87.000  (-80.000, 0.000)  (-73.084, -32.539)  (-52.479, -58.269)  (-24.721, -76.085)  (8.362, -79.562)  (40.000, -69.282)  (64.721, -47.023)  (62.468, -11.773)  (78.252, 16.633)  (64.721, 47.023)  (40.000, 69.282)  (8.362, 79.563)  (-24.509, 75.259)  (-53.530, 59.452)  (-73.084, 32.539)
step= 88  t=88.000  (-80.000, 0.000)  (-73.084, -32.539)  (-53.531, -59.452)  (-24.721, -76.085)  (8.362, -79.562)  (40.000, -69.282)  (64.721, -47.023)  (64.379, -12.361)  (78.252, 16.633)  (64.721, 47.023)  (40.000, 69.282)  (8.362, 79.563)  (-24.721, 76.085)  (-53.530, 59.452)  (-73.084, 32.539)
step= 89  t=89.000  (-80.000, 0.000)  (-73.084, -32.539)  (-53.531, -59.452)  (-24.721, -76.085)  (8.362, -79.562)  (40.000, -69.282)  (64.721, -47.023)  (66.289, -12.949)  (78.252, 16.633)  (64.721, 47.023)  (40.000, 69.282)  (8.362, 79.563)  (-24.721, 76.085)  (-53.530, 59.452)  (-73.084, 32.539)
step= 90  t=90.000  (-80.000, 0.000)  (-73.084, -32.539)  (-53.531, -59.452)  (-24.721, -76.085)  (8.362, -79.562)  (40.000, -69.282)  (64.721, -47.023)  (68.200, -13.538)  (78.252, 16.633)  (64.721, 47.023)  (40.000, 69.282)  (8.362, 79.563)  (-24.721, 76.085)  (-53.530, 59.452)  (-73.084, 32.539)
step= 91  t=91.000  (-80.000, 0.000)  (-73.084, -32.539)  (-53.531, -59.452)  (-24.721, -76.085)  (8.362, -79.562)  (40.000, -69.282)  (64.721, -47.023)  (70.111, -14.126)  (78.252, 16.633)  (64.721, 47.023)  (40.000, 69.282)  (8.362, 79.563)  (-24.721, 76.085)  (-53.530, 59.452)  (-73.084, 32.539)
step= 92  t=92.000  (-80.000, 0.000)  (-73.084, -32.539)  (-53.531, -59.452)  (-24.721, -76.085)  (8.362, -79.562)  (40.000, -69.282)  (64.721, -47.023)  (72.021, -14.714)  (78.252, 16.633)  (64.721, 47.023)  (40.000, 69.282)  (8.362, 79.563)  (-24.721, 76.085)  (-53.530, 59.452)  (-73.084, 32.539)
step= 93  t=93.000  (-80.000, 0.000)  (-73.084, -32.539)  (-53.531, -59.452)  (-24.721, -76.085)  (8.362, -79.562)  (40.000, -69.282)  (64.721, -47.023)  (73.932, -15.303)  (78.252, 16.633)  (64.721, 47.023)  (40.000, 69.282)  (8.362, 79.563)  (-24.721, 76.085)  (-53.530, 59.452)  (-73.084, 32.539)
step= 94  t=94.000  (-80.000, 0.000)  (-73.084, -32.539)  (-53.531, -59.452)  (-24.721, -76.085)  (8.362, -79.562)  (40.000, -69.282)  (64.721, -47.023)  (75.843, -15.891)  (78.252, 16.633)  (64.721, 47.023)  (40.000, 69.282)  (8.362, 79.563)  (-24.721, 76.085)  (-53.530, 59.452)  (-73.084, 32.539)
step= 95  t=95.000  (-80.000, 0.000)  (-73.084, -32.539)  (-53.531, -59.452)  (-24.721, -76.085)  (8.362, -79.562)  (40.000, -69.282)  (64.721, -47.023)  (77.753, -16.479)  (78.252, 16.633)  (64.721, 47.023)  (40.000, 69.282)  (8.362, 79.563)  (-24.721, 76.085)  (-53.530, 59.452)  (-73.084, 32.539)
step= 96  t=96.000  (-80.000, 0.000)  (-73.084, -32.539)  (-53.531, -59.452)  (-24.721, -76.085)  (8.362, -79.562)  (40.000, -69.282)  (64.721, -47.023)  (78.252, -16.633)  (78.252, 16.633)  (64.721, 47.023)  (40.000, 69.282)  (8.362, 79.563)  (-24.721, 76.085)  (-53.530, 59.452)  (-73.084, 32.539)
