Simulation has 4 agents and 0 obstacle vertices in it.
Running simulation
step= 0  t=0.000  (0.000, 0.000)  (10.000, 0.000)  (10.000, 10.000)  (0.000, 10.000)
step= 1  t=0.500  (0.707, 0.707)  (9.293, 0.707)  (9.293, 9.293)  (0.707, 9.293)
step= 2  t=1.000  (1.414, 1.414)  (8.586, 1.414)  (8.586, 8.586)  (1.414, 8.586)
step= 3  t=1.500  (2.120, 2.120)  (7.880, 2.120)  (7.880, 7.880)  (2.120, 7.880)
step= 4  t=2.000  (2.669, 2.669)  (7.416, 2.961)  (7.039, 7.416)  (2.828, 7.172)
step= 5  t=2.500  (3.068, 3.260)  (6.952, 3.802)  (6.236, 7.084)  (3.531, 6.461)
step= 6  t=3.000  (3.414, 3.725)  (6.591, 4.685)  (5.459, 6.860)  (4.229, 5.745)
step= 7  t=3.500  (3.679, 4.142)  (6.342, 5.565)  (4.795, 6.787)  (4.891, 4.996)
step= 8  t=4.000  (3.980, 4.642)  (5.898, 6.244)  (3.907, 6.507)  (5.611, 4.302)
step= 9  t=4.500  (4.748, 5.232)  (5.089, 6.832)  (3.074, 6.263)  (6.330, 3.609)
step= 10  t=5.000  (5.510, 5.822)  (4.281, 7.421)  (2.830, 5.294)  (7.050, 2.915)
step= 11  t=5.500  (6.262, 6.480)  (3.312, 7.667)  (2.585, 4.324)  (7.770, 2.222)
step= 12  t=6.000  (7.014, 7.138)  (2.343, 7.913)  (2.341, 3.355)  (8.000, 2.000)
step= 13  t=6.500  (7.767, 7.796)  (2.000, 8.000)  (2.097, 2.386)  (8.000, 2.000)
step= 14  t=7.000  (8.000, 8.000)  (2.000, 8.000)  (2.000, 2.000)  (8.000, 2.000)
