step= 0  t=0.000  (1.414, 1.414)  (-1.414, 1.414)  (-1.414, -1.414)  (1.414, -1.414)
step= 1  t=0.500  (1.414, 1.414)  (-1.414, 1.414)  (-1.414, -1.414)  (1.414, -1.414)
step= 2  t=1.000  (1.414, 1.414)  (-1.414, 1.414)  (-1.414, -1.414)  (1.414, -1.414)
step= 3  t=1.500  (1.115, 1.115)  (-1.013, 1.694)  (-1.694, -1.013)  (1.414, -1.414)
step= 4  t=2.000  (0.907, 1.172)  (-1.049, 1.675)  (-1.632, -0.822)  (1.411, -1.417)
step= 5  t=2.500  (0.842, 0.995)  (-0.942, 1.749)  (-1.658, -0.717)  (1.399, -1.429)
step= 6  t=3.000  (0.810, 1.029)  (-0.922, 1.749)  (-1.647, -0.769)  (1.403, -1.425)
step= 7  t=3.500  (0.959, 1.289)  (-1.357, 1.470)  (-1.734, -0.970)  (1.421, -1.407)
step= 8  t=4.000  (1.512, 1.307)  (-1.767, 0.934)  (-1.234, -1.574)  (1.420, -1.407)
step= 9  t=4.500  (1.512, 1.307)  (-1.767, 0.934)  (-0.688, -1.877)  (1.420, -1.407)
step= 10  t=5.000  (1.512, 1.307)  (-1.767, 0.934)  (-0.688, -1.877)  (1.420, -1.407)
step= 11  t=5.500  (1.512, 1.307)  (-1.174, 0.620)  (-0.688, -1.877)  (0.450, -0.446)
step= 12  t=6.000  (1.076, 0.930)  (0.000, 0.000)  (-0.096, -0.263)  (0.000, 0.000)
