Simulation has 4 agents and 0 obstacle vertices in it.
Running simulation
step= 0  t=0.000  (0.000, 0.000)  (10.000, 0.000)  (10.000, 10.000)  (0.000, 10.000)
step= 1  t=0.500  (0.707, 0.707)  (9.293, 0.707)  (9.293, 9.293)  (0.707, 9.293)
step= 2  t=1.000  (1.414, 1.414)  (8.586, 1.414)  (8.586, 8.586)  (1.414, 8.586)
step= 3  t=1.500  (2.120, 2.120)  (7.880, 2.120)  (7.880, 7.880)  (2.120, 7.880)
step= 4  t=2.000  (2.830, 2.817)  (7.175, 2.831)  (7.173, 7.171)  (2.819, 7.174)
step= 5  t=2.500  (3.540, 3.513)  (6.473, 3.540)  (6.468, 6.470)  (3.513, 6.471)
step= 6  t=3.000  (4.251, 4.206)  (5.782, 4.246)  (5.757, 5.768)  (4.204, 5.769)
step= 7  t=3.500  (4.096, 3.218)  (5.732, 5.012)  (5.045, 5.065)  (4.877, 5.074)
step= 8  t=4.000  (4.204, 2.693)  (5.059, 5.748)  (4.341, 4.356)  (5.590, 4.372)
step= 9  t=4.500  (4.573, 2.790)  (4.254, 6.341)  (3.636, 3.647)  (6.302, 3.671)
step= 10  t=5.000  (5.122, 3.626)  (3.449, 6.934)  (2.931, 2.937)  (7.015, 2.970)
step= 11  t=5.500  (5.672, 4.461)  (2.644, 7.526)  (2.227, 2.228)  (7.727, 2.268)
step= 12  t=6.000  (6.221, 5.296)  (2.000, 8.000)  (2.000, 2.000)  (8.000, 2.000)
step= 13  t=6.500  (6.771, 6.131)  (2.000, 8.000)  (2.000, 2.000)  (8.000, 2.000)
step= 14  t=7.000  (7.320, 6.967)  (2.000, 8.000)  (2.000, 2.000)  (8.000, 2.000)
step= 15  t=7.500  (7.870, 7.802)  (2.000, 8.000)  (2.000, 2.000)  (8.000, 2.000)
step= 16  t=8.000  (8.000, 8.000)  (2.000, 8.000)  (2.000, 2.000)  (8.000, 2.000)
