step= 0  t=0.000  (1.414, 1.414)  (-1.414, 1.414)  (-1.414, -1.414)  (1.414, -1.414)
step= 1  t=0.500  (1.414, 1.414)  (-1.414, 1.414)  (-1.414, -1.414)  (1.414, -1.414)
step= 2  t=1.000  (1.414, 1.414)  (-1.414, 1.414)  (-1.414, -1.414)  (1.414, -1.414)
step= 3  t=1.500  (1.601, 1.154)  (-1.139, 1.607)  (-1.598, -1.154)  (1.397, -1.431)
step= 4  t=2.000  (1.743, 0.980)  (-1.078, 1.622)  (-1.587, -0.997)  (1.236, -1.567)
step= 5  t=2.500  (1.758, 0.953)  (-1.115, 1.522)  (-1.560, -1.006)  (1.228, -1.578)
step= 6  t=3.000  (1.736, 0.993)  (-1.151, 1.402)  (-1.560, -0.976)  (1.178, -1.616)
step= 7  t=3.500  (1.689, 1.072)  (-1.157, 1.149)  (-1.603, -1.196)  (1.283, -1.401)
step= 8  t=4.000  (0.878, 1.796)  (-1.616, 1.177)  (-1.027, -1.715)  (1.587, -1.216)
step= 9  t=4.500  (0.878, 1.796)  (-1.616, 1.177)  (-1.027, -1.715)  (1.587, -1.216)
step= 10  t=5.000  (0.878, 1.796)  (-1.616, 1.177)  (-1.027, -1.715)  (1.587, -1.216)
step= 11  t=5.500  (0.597, 1.220)  (-1.271, 0.926)  (-0.770, -1.286)  (0.677, -0.519)
