Simulation has 4 agents and 0 obstacle vertices in it.
Running simulation
step= 0  t=0.000  (0.000, 0.000)  (10.000, 0.000)  (10.000, 10.000)  (0.000, 10.000)
step= 1  t=0.500  (0.707, 0.707)  (9.293, 0.707)  (9.293, 9.293)  (0.707, 9.293)
step= 2  t=1.000  (1.414, 1.414)  (8.586, 1.414)  (8.586, 8.586)  (1.414, 8.586)
step= 3  t=1.500  (2.120, 2.120)  (7.880, 2.120)  (7.880, 7.880)  (2.120, 7.880)
step= 4  t=2.000  (2.921, 2.698)  (7.310, 2.924)  (7.081, 7.303)  (2.819, 7.164)
step= 5  t=2.500  (3.793, 3.188)  (6.771, 3.735)  (6.287, 6.804)  (3.437, 6.380)
step= 6  t=3.000  (4.672, 3.664)  (6.213, 4.496)  (5.507, 6.301)  (4.051, 5.591)
step= 7  t=3.500  (5.540, 4.161)  (5.638, 5.197)  (4.727, 5.813)  (4.640, 4.783)
step= 8  t=4.000  (6.384, 4.697)  (5.059, 5.771)  (3.926, 5.215)  (5.281, 4.083)
step= 9  t=4.500  (6.824, 5.594)  (4.251, 6.360)  (3.412, 4.358)  (6.075, 3.475)
step= 10  t=5.000  (7.263, 6.492)  (3.444, 6.948)  (2.899, 3.500)  (6.868, 2.867)
step= 11  t=5.500  (7.702, 7.390)  (2.636, 7.537)  (2.385, 2.643)  (7.662, 2.259)
step= 12  t=6.000  (8.000, 8.000)  (2.000, 8.000)  (2.000, 2.000)  (8.000, 2.000)
