step= 0  t=0.000  (1.414, 1.414)  (-1.414, 1.414)  (-1.414, -1.414)  (1.414, -1.414)
step= 1  t=0.500  (1.414, 1.414)  (-1.414, 1.414)  (-1.414, -1.414)  (1.414, -1.414)
step= 2  t=1.000  (1.414, 1.414)  (-1.414, 1.414)  (-1.414, -1.414)  (1.414, -1.414)
step= 3  t=1.500  (1.029, 1.029)  (-0.898, 1.775)  (-1.775, -0.898)  (1.414, -1.414)
step= 4  t=2.000  (0.783, 1.105)  (-0.967, 1.741)  (-1.682, -0.679)  (1.413, -1.415)
step= 5  t=2.500  (0.728, 0.933)  (-0.864, 1.804)  (-1.748, -0.608)  (1.397, -1.431)
step= 6  t=3.000  (0.761, 1.077)  (-0.941, 1.765)  (-1.833, -0.800)  (1.417, -1.410)
step= 7  t=3.500  (1.169, 1.396)  (-1.475, 1.350)  (-1.757, -0.955)  (1.417, -1.410)
step= 8  t=4.000  (1.521, 1.297)  (-1.754, 0.961)  (-0.771, -1.846)  (1.417, -1.410)
step= 9  t=4.500  (1.521, 1.297)  (-1.798, 0.874)  (-0.689, -1.876)  (1.417, -1.410)
step= 10  t=5.000  (1.521, 1.297)  (-1.797, 0.874)  (-0.689, -1.876)  (1.417, -1.410)
step= 11  t=5.500  (1.521, 1.297)  (-1.265, 0.615)  (-0.689, -1.876)  (0.450, -0.447)
step= 12  t=6.000  (1.207, 1.029)  (0.000, 0.000)  (-0.126, -0.344)  (0.000, 0.000)
