step= 0  t=0.000  (1.414, 1.414)  (-1.414, 1.414)  (-1.414, -1.414)  (1.414, -1.414)
step= 1  t=0.500  (1.414, 1.414)  (-1.414, 1.414)  (-1.414, -1.414)  (1.414, -1.414)
step= 2  t=1.000  (1.414, 1.414)  (-1.414, 1.414)  (-1.414, -1.414)  (1.414, -1.414)
step= 3  t=1.500  (1.000, 1.000)  (-0.708, 1.706)  (-1.706, -0.708)  (1.414, -1.414)
step= 4  t=2.000  (0.604, 1.015)  (-0.708, 1.706)  (-1.559, -0.352)  (1.401, -1.428)
step= 5  t=2.500  (0.422, 0.790)  (-0.416, 1.785)  (-1.431, -0.041)  (1.378, -1.449)
step= 6  t=3.000  (0.298, 0.463)  (-0.108, 1.702)  (-1.456, -0.143)  (1.222, -1.128)
step= 7  t=3.500  (0.150, 0.605)  (-0.556, 1.921)  (-1.699, -0.522)  (1.414, -1.413)
step= 8  t=4.000  (0.690, 0.934)  (-1.445, 1.349)  (-1.587, -0.454)  (1.414, -1.413)
step= 9  t=4.500  (1.554, 1.257)  (-1.807, 0.857)  (-1.436, -0.362)  (1.414, -1.413)
step= 10  t=5.000  (1.554, 1.258)  (-1.944, 0.470)  (-0.244, -1.984)  (1.414, -1.413)
step= 11  t=5.500  (1.554, 1.257)  (-1.995, 0.129)  (-0.177, -1.991)  (0.688, -0.688)
step= 12  t=6.000  (1.554, 1.257)  (-1.995, 0.129)  (-0.177, -1.991)  (0.000, 0.000)
step= 13  t=6.500  (1.554, 1.257)  (-0.077, 0.005)  (-0.177, -1.991)  (0.000, 0.000)
step= 14  t=7.000  (0.823, 0.666)  (0.000, 0.000)  (-0.108, -1.219)  (0.000, 0.000)
