Simulation has 4 agents and 0 obstacle vertices in it.
Running simulation
step= 0  t=0.000  (0.000, 0.000)  (10.000, 0.000)  (10.000, 10.000)  (0.000, 10.000)
step= 1  t=0.500  (0.707, 0.707)  (9.293, 0.707)  (9.293, 9.293)  (0.707, 9.293)
step= 2  t=1.000  (1.414, 1.414)  (8.586, 1.414)  (8.586, 8.586)  (1.414, 8.586)
step= 3  t=1.500  (2.120, 2.120)  (7.880, 2.120)  (7.880, 7.880)  (2.120, 7.880)
step= 4  t=2.000  (2.926, 2.688)  (7.300, 2.919)  (7.167, 7.178)  (2.729, 7.269)
step= 5  t=2.500  (3.731, 3.251)  (6.792, 3.706)  (6.451, 6.480)  (3.351, 6.746)
step= 6  t=3.000  (4.570, 3.763)  (6.353, 4.497)  (5.729, 5.787)  (3.854, 6.265)
step= 7  t=3.500  (5.422, 4.219)  (5.987, 5.228)  (4.990, 5.114)  (4.314, 5.835)
step= 8  t=4.000  (6.037, 4.825)  (5.521, 6.056)  (4.298, 4.393)  (4.839, 5.312)
step= 9  t=4.500  (6.562, 5.675)  (4.782, 6.729)  (3.606, 3.672)  (5.530, 4.589)
step= 10  t=5.000  (7.088, 6.525)  (3.873, 7.145)  (2.913, 2.951)  (6.220, 3.866)
step= 11  t=5.500  (7.614, 7.375)  (2.964, 7.560)  (2.221, 2.230)  (6.910, 3.143)
step= 12  t=6.000  (8.000, 8.000)  (2.055, 7.975)  (2.000, 2.000)  (7.600, 2.419)
step= 13  t=6.500  (8.000, 8.000)  (2.000, 8.000)  (2.000, 2.000)  (8.000, 2.000)
