step= 0  t=0.000  (1.414, 1.414)  (-1.414, 1.414)  (-1.414, -1.414)  (1.414, -1.414)
step= 1  t=0.500  (1.414, 1.414)  (-1.414, 1.414)  (-1.414, -1.414)  (1.414, -1.414)
step= 2  t=1.000  (1.414, 1.414)  (-1.414, 1.414)  (-1.414, -1.414)  (1.414, -1.414)
step= 3  t=1.500  (1.097, 1.097)  (-0.927, 1.682)  (-1.682, -0.927)  (1.414, -1.414)
step= 4  t=2.000  (0.799, 1.182)  (-0.927, 1.682)  (-1.606, -0.664)  (1.406, -1.422)
step= 5  t=2.500  (0.691, 0.931)  (-0.723, 1.766)  (-1.554, -0.448)  (1.396, -1.432)
step= 6  t=3.000  (0.531, 0.833)  (-0.498, 1.760)  (-1.328, -0.146)  (1.323, -1.500)
step= 7  t=3.500  (0.602, 0.999)  (-0.888, 1.358)  (-1.775, -0.559)  (1.440, -1.387)
step= 8  t=4.000  (1.535, 1.181)  (-1.617, 1.177)  (-1.667, -0.488)  (1.439, -1.387)
step= 9  t=4.500  (1.523, 1.181)  (-1.617, 1.177)  (-0.488, -1.939)  (1.440, -1.387)
step= 10  t=5.000  (1.505, 1.316)  (-1.937, 0.492)  (-0.488, -1.938)  (1.440, -1.387)
step= 11  t=5.500  (1.505, 1.316)  (-1.937, 0.492)  (-0.488, -1.938)  (0.460, -0.444)
step= 12  t=6.000  (1.505, 1.316)  (-0.686, 0.174)  (-0.488, -1.938)  (0.000, 0.000)
step= 13  t=6.500  (0.467, 0.408)  (0.000, 0.000)  (-0.194, -0.772)  (0.000, 0.000)
