step= 0  t=0.000  (1.414, 1.414)  (-1.414, 1.414)  (-1.414, -1.414)  (1.414, -1.414)
step= 1  t=0.500  (1.414, 1.414)  (-1.414, 1.414)  (-1.414, -1.414)  (1.414, -1.414)
step= 2  t=1.000  (1.414, 1.414)  (-1.414, 1.414)  (-1.414, -1.414)  (1.414, -1.414)
step= 3  t=1.500  (1.413, 1.410)  (-1.416, 1.402)  (-1.416, -1.411)  (1.416, -1.405)
step= 4  t=2.000  (1.412, 1.405)  (-1.417, 1.396)  (-1.409, -1.414)  (1.412, -1.403)
step= 5  t=2.500  (1.409, 1.404)  (-1.416, 1.391)  (-1.403, -1.413)  (1.415, -1.400)
step= 6  t=3.000  (1.390, 1.395)  (-1.420, 1.382)  (-1.365, -1.383)  (-0.397, 1.960)
step= 7  t=3.500  (1.413, 1.415)  (-1.403, 1.425)  (-1.417, -1.411)  (0.265, 1.095)
step= 8  t=4.000  (1.413, 1.415)  (-1.403, 1.425)  (-1.417, -1.411)  (0.687, -0.074)
step= 9  t=4.500  (1.413, 1.415)  (-1.403, 1.425)  (-1.417, -1.411)  (1.103, -1.668)
step= 10  t=5.000  (1.413, 1.415)  (-1.403, 1.425)  (-1.417, -1.411)  (1.103, -1.668)
step= 11  t=5.500  (0.484, 0.485)  (-0.479, 0.486)  (-0.497, -0.495)  (1.103, -1.668)
step= 12  t=6.000  (0.000, 0.000)  (0.000, 0.000)  (0.000, 0.000)  (1.103, -1.668)
step= 13  t=6.500  (0.000, 0.000)  (0.000, 0.000)  (0.000, 0.000)  (1.103, -1.668)
step= 14  t=7.000  (0.000, 0.000)  (0.000, 0.000)  (0.000, 0.000)  (1.103, -1.668)
step= 15  t=7.500  (0.000, 0.000)  (0.000, 0.000)  (0.000, 0.000)  (0.345, -0.522)
