step= 0  t=0.000  (1.414, 1.414)  (-1.414, 1.414)  (-1.414, -1.414)  (1.414, -1.414)
step= 1  t=0.500  (1.414, 1.414)  (-1.414, 1.414)  (-1.414, -1.414)  (1.414, -1.414)
step= 2  t=1.000  (1.414, 1.414)  (-1.414, 1.414)  (-1.414, -1.414)  (1.414, -1.414)
step= 3  t=1.500  (1.611, 1.135)  (-1.410, 1.418)  (-1.605, -1.155)  (1.203, -1.235)
step= 4  t=2.000  (1.589, 0.975)  (-1.189, 1.529)  (-1.699, -0.876)  (1.153, -1.533)
step= 5  t=2.500  (1.591, 0.961)  (-1.140, 1.600)  (-1.681, -0.906)  (1.106, -1.623)
step= 6  t=3.000  (1.585, 1.036)  (-1.143, 1.576)  (-1.657, -1.022)  (1.108, -1.607)
step= 7  t=3.500  (1.578, 1.229)  (-1.143, 1.445)  (-1.651, -1.129)  (1.157, -1.557)
step= 8  t=4.000  (1.019, 1.720)  (-1.614, 1.179)  (-0.922, -1.774)  (1.640, -1.143)
step= 9  t=4.500  (1.019, 1.720)  (-1.614, 1.179)  (-0.922, -1.774)  (1.640, -1.143)
step= 10  t=5.000  (1.019, 1.720)  (-1.614, 1.179)  (-0.922, -1.774)  (1.640, -1.143)
step= 11  t=5.500  (0.749, 1.264)  (-0.892, 0.652)  (-0.701, -1.350)  (1.113, -0.775)
