step= 0  t=0.000  (1.414, 1.414)  (-1.414, 1.414)  (-1.414, -1.414)  (1.414, -1.414)
step= 1  t=0.500  (1.414, 1.414)  (-1.414, 1.414)  (-1.414, -1.414)  (1.414, -1.414)
step= 2  t=1.000  (1.414, 1.414)  (-1.414, 1.414)  (-1.414, -1.414)  (1.414, -1.414)
step= 3  t=1.500  (1.612, 1.135)  (-1.158, 1.597)  (-1.425, -1.403)  (1.216, -1.222)
step= 4  t=2.000  (1.610, 1.126)  (-1.017, 1.574)  (-1.432, -1.396)  (1.245, -1.045)
step= 5  t=2.500  (1.677, 1.023)  (-0.877, 1.583)  (-1.443, -1.385)  (1.005, -0.963)
step= 6  t=3.000  (1.704, 0.914)  (-0.733, 1.462)  (-1.478, -1.347)  (0.921, -0.860)
step= 7  t=3.500  (1.230, 1.210)  (-0.931, 1.656)  (-1.385, -1.442)  (1.051, -1.046)
step= 8  t=4.000  (1.051, 1.700)  (-1.479, 1.346)  (-1.385, -1.442)  (1.380, -1.446)
step= 9  t=4.500  (1.051, 1.700)  (-1.818, 0.831)  (-1.385, -1.442)  (1.380, -1.446)
step= 10  t=5.000  (1.051, 1.700)  (-1.818, 0.831)  (-1.385, -1.442)  (1.380, -1.446)
step= 11  t=5.500  (0.773, 1.250)  (-1.818, 0.831)  (-0.442, -0.460)  (1.380, -1.446)
step= 12  t=6.000  (0.000, 0.000)  (-0.109, 0.050)  (0.000, 0.000)  (0.801, -0.839)
