Simulation has 4 agents and 0 obstacle vertices in it.
Running simulation
step= 0  t=0.000  (0.000, 0.000)  (10.000, 0.000)  (10.000, 10.000)  (0.000, 10.000)
step= 1  t=0.500  (0.707, 0.707)  (9.293, 0.707)  (9.293, 9.293)  (0.707, 9.293)
step= 2  t=1.000  (1.414, 1.414)  (8.586, 1.414)  (8.586, 8.586)  (1.414, 8.586)
step= 3  t=1.500  (2.120, 2.120)  (7.880, 2.120)  (7.880, 7.880)  (2.120, 7.880)
step= 4  t=2.000  (2.678, 2.678)  (7.373, 2.967)  (7.033, 7.373)  (2.828, 7.172)
step= 5  t=2.500  (3.132, 3.264)  (6.848, 3.805)  (6.217, 6.962)  (3.533, 6.464)
step= 6  t=3.000  (3.553, 3.761)  (6.377, 4.679)  (5.387, 6.603)  (4.233, 5.749)
step= 7  t=3.500  (3.958, 4.276)  (5.916, 5.554)  (4.564, 6.219)  (4.934, 5.037)
step= 8  t=4.000  (4.437, 4.920)  (5.238, 6.289)  (3.697, 5.734)  (5.645, 4.333)
step= 9  t=4.500  (5.194, 5.574)  (4.354, 6.756)  (3.080, 4.947)  (6.355, 3.630)
step= 10  t=5.000  (5.950, 6.228)  (3.470, 7.223)  (2.736, 4.008)  (7.065, 2.926)
step= 11  t=5.500  (6.706, 6.881)  (2.587, 7.690)  (2.392, 3.070)  (7.775, 2.223)
step= 12  t=6.000  (7.462, 7.535)  (2.000, 8.000)  (2.048, 2.132)  (8.000, 2.000)
step= 13  t=6.500  (8.000, 8.000)  (2.000, 8.000)  (2.000, 2.000)  (8.000, 2.000)
