Simulation has 4 agents and 0 obstacle vertices in it.
Running simulation
step= 0  t=0.000  (0.000, 0.000)  (10.000, 0.000)  (10.000, 10.000)  (0.000, 10.000)
step= 1  t=0.500  (0.707, 0.707)  (9.293, 0.707)  (9.293, 9.293)  (0.707, 9.293)
step= 2  t=1.000  (1.414, 1.414)  (8.586, 1.414)  (8.586, 8.586)  (1.414, 8.586)
step= 3  t=1.500  (2.120, 2.120)  (7.880, 2.120)  (7.880, 7.880)  (2.120, 7.880)
step= 4  t=2.000  (2.827, 2.825)  (7.171, 2.822)  (7.172, 7.174)  (2.828, 7.177)
step= 5  t=2.500  (3.533, 3.528)  (6.463, 3.520)  (6.467, 6.467)  (3.534, 6.476)
step= 6  t=3.000  (4.238, 4.230)  (5.755, 4.215)  (5.766, 5.761)  (4.242, 5.775)
step= 7  t=3.500  (4.932, 4.927)  (5.045, 4.907)  (5.083, 5.069)  (4.044, 6.755)
step= 8  t=4.000  (5.639, 5.635)  (4.344, 5.619)  (4.375, 4.364)  (4.176, 7.303)
step= 9  t=4.500  (6.345, 6.342)  (3.642, 6.332)  (3.666, 3.658)  (4.520, 7.266)
step= 10  t=5.000  (7.052, 7.050)  (2.941, 7.044)  (2.957, 2.953)  (5.071, 6.432)
step= 11  t=5.500  (7.758, 7.757)  (2.239, 7.757)  (2.249, 2.248)  (5.622, 5.598)
step= 12  t=6.000  (8.000, 8.000)  (2.000, 8.000)  (2.000, 2.000)  (6.174, 4.763)
step= 13  t=6.500  (8.000, 8.000)  (2.000, 8.000)  (2.000, 2.000)  (6.725, 3.929)
step= 14  t=7.000  (8.000, 8.000)  (2.000, 8.000)  (2.000, 2.000)  (7.276, 3.095)
step= 15  t=7.500  (8.000, 8.000)  (2.000, 8.000)  (2.000, 2.000)  (7.827, 2.261)
step= 16  t=8.000  (8.000, 8.000)  (2.000, 8.000)  (2.000, 2.000)  (8.000, 2.000)
