Simulation has 4 agents and 0 obstacle vertices in it.
Running simulation
step= 0  t=0.000  (0.000, 0.000)  (10.000, 0.000)  (10.000, 10.000)  (0.000, 10.000)
step= 1  t=0.500  (0.707, 0.707)  (9.293, 0.707)  (9.293, 9.293)  (0.707, 9.293)
step= 2  t=1.000  (1.414, 1.414)  (8.586, 1.414)  (8.586, 8.586)  (1.414, 8.586)
step= 3  t=1.500  (2.120, 2.120)  (7.880, 2.120)  (7.880, 7.880)  (2.120, 7.880)
step= 4  t=2.000  (2.621, 2.621)  (7.525, 2.974)  (7.026, 7.525)  (2.828, 7.172)
step= 5  t=2.500  (2.923, 3.128)  (7.171, 3.827)  (6.247, 7.350)  (3.528, 6.459)
step= 6  t=3.000  (3.134, 3.523)  (6.963, 4.719)  (5.531, 7.329)  (4.217, 5.734)
step= 7  t=3.500  (3.283, 3.754)  (6.909, 5.570)  (4.803, 7.257)  (4.828, 5.170)
step= 8  t=4.000  (3.358, 4.057)  (6.632, 6.531)  (3.954, 6.996)  (5.535, 4.464)
step= 9  t=4.500  (3.703, 4.523)  (5.909, 7.205)  (3.160, 6.769)  (6.242, 3.757)
step= 10  t=5.000  (4.480, 5.152)  (5.005, 7.634)  (2.442, 6.588)  (6.949, 3.050)
step= 11  t=5.500  (5.257, 5.781)  (4.033, 7.869)  (2.320, 5.596)  (7.656, 2.344)
step= 12  t=6.000  (6.034, 6.410)  (3.036, 7.933)  (2.231, 4.601)  (8.000, 2.000)
step= 13  t=6.500  (6.811, 7.038)  (2.039, 7.998)  (2.143, 3.605)  (8.000, 2.000)
step= 14  t=7.000  (7.588, 7.667)  (2.000, 8.000)  (2.054, 2.610)  (8.000, 2.000)
step= 15  t=7.500  (8.000, 8.000)  (2.000, 8.000)  (2.000, 2.000)  (8.000, 2.000)
