Simulation has 4 agents and 0 obstacle vertices in it.
Running simulation
step= 0  t=0.000  (0.000, 0.000)  (10.000, 0.000)  (10.000, 10.000)  (0.000, 10.000)
step= 1  t=0.500  (0.707, 0.707)  (9.293, 0.707)  (9.293, 9.293)  (0.707, 9.293)
step= 2  t=1.000  (1.414, 1.414)  (8.586, 1.414)  (8.586, 8.586)  (1.414, 8.586)
step= 3  t=1.500  (2.120, 2.120)  (7.880, 2.120)  (7.880, 7.880)  (2.120, 7.880)
step= 4  t=2.000  (2.926, 2.688)  (7.175, 2.830)  (7.077, 7.302)  (2.722, 7.262)
step= 5  t=2.500  (3.720, 3.176)  (6.580, 3.594)  (6.228, 6.864)  (3.298, 6.495)
step= 6  t=3.000  (4.516, 3.656)  (6.010, 4.394)  (5.387, 6.411)  (3.852, 5.684)
step= 7  t=3.500  (5.308, 4.174)  (5.438, 5.182)  (4.559, 5.900)  (4.405, 4.881)
step= 8  t=4.000  (6.097, 4.789)  (4.867, 5.905)  (3.733, 5.336)  (4.984, 4.102)
step= 9  t=4.500  (6.607, 5.648)  (4.060, 6.495)  (3.272, 4.449)  (5.804, 3.531)
step= 10  t=5.000  (7.116, 6.508)  (3.253, 7.084)  (2.812, 3.562)  (6.624, 2.959)
step= 11  t=5.500  (7.626, 7.368)  (2.446, 7.674)  (2.351, 2.675)  (7.444, 2.388)
step= 12  t=6.000  (8.000, 8.000)  (2.000, 8.000)  (2.000, 2.000)  (8.000, 2.000)
