step= 0  t=0.000  (1.414, 1.414)  (-1.414, 1.414)  (-1.414, -1.414)  (1.414, -1.414)
step= 1  t=0.500  (1.414, 1.414)  (-1.414, 1.414)  (-1.414, -1.414)  (1.414, -1.414)
step= 2  t=1.000  (1.414, 1.414)  (-1.414, 1.414)  (-1.414, -1.414)  (1.414, -1.414)
step= 3  t=1.500  (1.419, 1.394)  (-1.408, 1.420)  (-1.412, -1.416)  (1.396, -1.412)
step= 4  t=2.000  (1.419, 1.392)  (-1.405, 1.419)  (-1.410, -1.402)  (1.390, -1.405)
step= 5  t=2.500  (1.423, 1.385)  (-1.382, 1.411)  (-1.424, -1.405)  (1.382, -1.405)
step= 6  t=3.000  (-0.310, -1.976)  (-0.100, 1.534)  (-1.423, -1.406)  (1.345, -1.390)
step= 7  t=3.500  (0.217, -1.049)  (-1.345, 1.472)  (-1.409, -1.419)  (1.425, -1.403)
step= 8  t=4.000  (0.737, 0.194)  (-1.610, 1.185)  (-1.409, -1.418)  (1.425, -1.403)
step= 9  t=4.500  (1.099, 1.671)  (-1.610, 1.185)  (-1.409, -1.418)  (1.425, -1.403)
step= 10  t=5.000  (1.099, 1.671)  (-1.610, 1.185)  (-1.409, -1.419)  (1.425, -1.403)
step= 11  t=5.500  (1.099, 1.671)  (-1.287, 0.947)  (-0.453, -0.456)  (0.546, -0.537)
step= 12  t=6.000  (1.099, 1.670)  (0.000, 0.000)  (0.000, 0.000)  (0.000, 0.000)
step= 13  t=6.500  (1.099, 1.670)  (0.000, 0.000)  (0.000, 0.000)  (0.000, 0.000)
step= 14  t=7.000  (1.099, 1.670)  (0.000, 0.000)  (0.000, 0.000)  (0.000, 0.000)
step= 15  t=7.500  (0.261, 0.396)  (0.000, 0.000)  (0.000, 0.000)  (0.000, 0.000)
