Simulation has 4 agents and 0 obstacle vertices in it.
Running simulation
step= 0  t=0.000  (0.000, 0.000)  (10.000, 0.000)  (10.000, 10.000)  (0.000, 10.000)
step= 1  t=0.500  (0.707, 0.707)  (9.293, 0.707)  (9.293, 9.293)  (0.707, 9.293)
step= 2  t=1.000  (1.414, 1.414)  (8.586, 1.414)  (8.586, 8.586)  (1.414, 8.586)
step= 3  t=1.500  (2.120, 2.120)  (7.880, 2.120)  (7.880, 7.880)  (2.120, 7.880)
step= 4  t=2.000  (2.635, 2.635)  (7.431, 3.008)  (6.992, 7.431)  (2.828, 7.172)
step= 5  t=2.500  (3.026, 3.188)  (6.947, 3.878)  (6.151, 7.091)  (3.534, 6.465)
step= 6  t=3.000  (3.390, 3.654)  (6.515, 4.780)  (5.277, 6.787)  (4.233, 5.749)
step= 7  t=3.500  (3.771, 4.193)  (6.045, 5.663)  (4.361, 6.387)  (4.941, 5.044)
step= 8  t=4.000  (4.355, 4.891)  (5.307, 6.338)  (3.482, 5.909)  (5.650, 4.339)
step= 9  t=4.500  (5.116, 5.539)  (4.430, 6.818)  (3.097, 4.987)  (6.358, 3.634)
step= 10  t=5.000  (5.876, 6.188)  (3.531, 7.255)  (2.752, 4.048)  (7.067, 2.929)
step= 11  t=5.500  (6.636, 6.837)  (2.632, 7.692)  (2.408, 3.110)  (7.775, 2.224)
step= 12  t=6.000  (7.397, 7.485)  (2.000, 8.000)  (2.063, 2.172)  (8.000, 2.000)
step= 13  t=6.500  (8.000, 8.000)  (2.000, 8.000)  (2.000, 2.000)  (8.000, 2.000)
