Simulation has 4 agents and 0 obstacle vertices in it.
Running simulation
step= 0  t=0.000  (0.000, 0.000)  (10.000, 0.000)  (30.000, 0.000)  (40.000, 0.000)
step= 1  t=0.500  (1.000, 0.000)  (11.000, 0.000)  (29.000, 0.000)  (39.000, 0.000)
step= 2  t=1.000  (1.999, 0.000)  (11.999, 0.000)  (28.001, 0.000)  (38.001, 0.000)
step= 3  t=1.500  (2.999, 0.000)  (12.999, 0.000)  (27.001, 0.000)  (37.001, 0.000)
step= 4  t=2.000  (3.998, 0.000)  (13.998, 0.000)  (26.002, 0.000)  (36.002, 0.000)
step= 5  t=2.500  (4.998, 0.000)  (14.998, 0.000)  (25.002, 0.000)  (35.002, 0.000)
step= 6  t=3.000  (5.998, 0.000)  (15.998, 0.000)  (24.002, 0.000)  (34.002, 0.000)
step= 7  t=3.500  (6.997, 0.000)  (16.997, 0.000)  (23.003, 0.000)  (33.003, 0.000)
step= 8  t=4.000  (7.997, 0.000)  (17.997, 0.000)  (22.003, 0.000)  (32.003, 0.000)
step= 9  t=4.500  (8.996, 0.000)  (18.018, -0.008)  (21.995, 0.001)  (31.004, 0.000)
step= 10  t=5.000  (9.996, 0.000)  (18.259, 0.011)  (21.769, 0.011)  (30.004, 0.000)
step= 11  t=5.500  (10.996, 0.000)  (18.468, 0.042)  (21.584, 0.025)  (29.004, 0.000)
step= 12  t=6.000  (11.995, 0.000)  (18.686, 0.145)  (21.437, 0.055)  (28.005, 0.000)
step= 13  t=6.500  (12.995, 0.000)  (19.120, 0.556)  (21.118, -0.302)  (27.005, 0.000)
step= 14  t=7.000  (13.994, 0.000)  (20.107, 0.666)  (20.125, -0.365)  (26.005, 0.000)
step= 15  t=7.500  (14.994, 0.000)  (21.094, 0.777)  (19.126, -0.329)  (25.006, -0.018)
step= 16  t=8.000  (15.965, 0.175)  (22.080, 0.883)  (18.159, -0.489)  (24.008, -0.040)
step= 17  t=8.500  (16.938, 0.337)  (23.066, 0.969)  (17.198, -0.665)  (23.009, -0.057)
step= 18  t=9.000  (17.938, 0.323)  (24.056, 0.831)  (16.201, -0.682)  (22.009, -0.055)
step= 19  t=9.500  (18.915, 0.454)  (25.046, 0.692)  (15.207, -0.573)  (21.035, -0.222)
step= 20  t=10.000  (19.890, 0.585)  (26.036, 0.554)  (14.214, -0.464)  (20.067, -0.412)
step= 21  t=10.500  (20.889, 0.575)  (27.026, 0.416)  (13.220, -0.354)  (19.069, -0.482)
step= 22  t=11.000  (21.888, 0.545)  (28.016, 0.277)  (12.226, -0.245)  (18.070, -0.456)
step= 23  t=11.500  (22.887, 0.515)  (29.006, 0.139)  (11.232, -0.136)  (17.071, -0.431)
step= 24  t=12.000  (23.886, 0.485)  (29.996, 0.001)  (10.238, -0.026)  (16.071, -0.406)
step= 25  t=12.500  (24.886, 0.454)  (29.996, 0.001)  (9.634, 0.039)  (15.072, -0.381)
step= 26  t=13.000  (25.885, 0.424)  (29.996, 0.001)  (9.207, 0.142)  (14.072, -0.355)
step= 27  t=13.500  (26.884, 0.394)  (29.996, 0.001)  (8.959, 0.494)  (13.073, -0.330)
step= 28  t=14.000  (27.884, 0.364)  (29.996, 0.001)  (9.833, 0.762)  (12.073, -0.305)
step= 29  t=14.500  (28.883, 0.334)  (29.996, 0.001)  (10.027, 0.913)  (11.074, -0.280)
step= 30  t=15.000  (29.882, 0.304)  (29.996, 0.001)  (10.159, 0.936)  (10.075, -0.254)
step= 31  t=15.500  (30.816, 0.548)  (29.996, 0.001)  (10.369, 0.487)  (9.076, -0.229)
step= 32  t=16.000  (31.814, 0.610)  (29.996, 0.001)  (10.000, -0.000)  (8.077, -0.204)
step= 33  t=16.500  (32.811, 0.535)  (29.996, 0.001)  (10.000, -0.000)  (7.077, -0.179)
step= 34  t=17.000  (33.808, 0.461)  (29.996, 0.001)  (10.000, -0.000)  (6.078, -0.153)
step= 35  t=17.500  (34.805, 0.387)  (29.996, 0.001)  (10.000, -0.000)  (5.078, -0.128)
step= 36  t=18.000  (35.802, 0.313)  (29.996, 0.001)  (10.000, -0.000)  (4.079, -0.103)
step= 37  t=18.500  (36.799, 0.238)  (29.996, 0.001)  (10.000, -0.000)  (3.079, -0.078)
step= 38  t=19.000  (37.796, 0.164)  (29.996, 0.001)  (10.000, -0.000)  (2.080, -0.053)
step= 39  t=19.500  (38.793, 0.090)  (29.996, 0.001)  (10.000, -0.000)  (1.081, -0.027)
step= 40  t=20.000  (39.790, 0.016)  (29.996, 0.001)  (10.000, -0.000)  (0.081, -0.002)
step= 41  t=20.500  (40.000, 0.000)  (29.996, 0.001)  (10.000, -0.000)  (0.000, -0.000)
