Simulation has 4 agents and 0 obstacle vertices in it.
Running simulation
step= 0  t=0.000  (0.000, 0.000)  (10.000, 0.000)  (30.000, 0.000)  (40.000, 0.000)
step= 1  t=0.500  (1.000, 0.000)  (11.000, 0.000)  (29.000, 0.000)  (39.000, 0.000)
step= 2  t=1.000  (1.999, 0.000)  (11.999, 0.000)  (28.001, 0.000)  (38.001, 0.000)
step= 3  t=1.500  (2.999, 0.000)  (12.999, 0.000)  (27.001, 0.000)  (37.001, 0.000)
step= 4  t=2.000  (3.998, 0.000)  (13.998, 0.000)  (26.002, 0.000)  (36.002, 0.000)
step= 5  t=2.500  (4.998, 0.000)  (14.998, 0.000)  (25.002, 0.000)  (35.002, 0.000)
step= 6  t=3.000  (5.998, 0.000)  (15.998, 0.000)  (24.002, 0.000)  (34.002, 0.000)
step= 7  t=3.500  (6.997, 0.000)  (16.997, 0.000)  (23.003, 0.000)  (33.003, 0.000)
step= 8  t=4.000  (7.997, 0.000)  (17.997, 0.000)  (22.003, 0.000)  (32.003, 0.000)
step= 9  t=4.500  (8.996, 0.000)  (18.938, 0.229)  (21.065, 0.241)  (31.004, 0.000)
step= 10  t=5.000  (9.996, 0.000)  (19.614, 0.809)  (20.387, 0.832)  (30.004, 0.000)
step= 11  t=5.500  (10.996, 0.000)  (20.611, 0.731)  (19.391, 0.753)  (29.004, 0.000)
step= 12  t=6.000  (11.995, 0.000)  (21.607, 0.654)  (18.395, 0.673)  (28.005, 0.000)
step= 13  t=6.500  (12.995, 0.000)  (22.604, 0.576)  (17.398, 0.593)  (27.005, 0.000)
step= 14  t=7.000  (13.981, -0.147)  (23.589, 0.622)  (16.413, 0.639)  (26.017, -0.121)
step= 15  t=7.500  (14.966, -0.300)  (24.567, 0.680)  (15.430, 0.672)  (25.032, -0.252)
step= 16  t=8.000  (15.956, -0.439)  (25.515, 0.803)  (14.445, 0.672)  (24.070, -0.451)
step= 17  t=8.500  (16.955, -0.421)  (26.499, 0.627)  (13.457, 0.522)  (23.071, -0.432)
step= 18  t=9.000  (17.955, -0.402)  (27.483, 0.451)  (12.469, 0.373)  (22.071, -0.414)
step= 19  t=9.500  (18.899, -0.160)  (28.467, 0.275)  (11.480, 0.224)  (21.126, -0.615)
step= 20  t=10.000  (19.836, 0.092)  (29.450, 0.098)  (10.492, 0.074)  (20.188, -0.824)
step= 21  t=10.500  (20.835, 0.087)  (30.000, -0.000)  (10.000, -0.000)  (19.189, -0.783)
step= 22  t=11.000  (21.835, 0.083)  (30.000, -0.000)  (10.000, -0.000)  (18.190, -0.742)
step= 23  t=11.500  (22.834, 0.078)  (30.000, -0.000)  (10.000, -0.000)  (17.192, -0.702)
step= 24  t=12.000  (23.834, 0.074)  (30.000, -0.000)  (10.000, -0.000)  (16.193, -0.661)
step= 25  t=12.500  (24.834, 0.069)  (30.000, -0.000)  (10.000, -0.000)  (15.194, -0.620)
step= 26  t=13.000  (25.833, 0.065)  (30.000, -0.000)  (10.000, -0.000)  (14.195, -0.579)
step= 27  t=13.500  (26.833, 0.060)  (30.000, -0.000)  (10.000, -0.000)  (13.197, -0.539)
step= 28  t=14.000  (27.829, 0.066)  (30.000, -0.000)  (10.000, -0.000)  (12.264, -0.530)
step= 29  t=14.500  (28.805, 0.110)  (30.000, -0.000)  (10.000, -0.000)  (11.290, -0.603)
step= 30  t=15.000  (29.666, 0.213)  (30.000, -0.000)  (10.000, -0.000)  (10.356, -0.732)
step= 31  t=15.500  (30.590, 0.593)  (30.000, -0.000)  (10.000, -0.000)  (9.379, -0.943)
step= 32  t=16.000  (31.590, 0.574)  (30.000, -0.000)  (10.000, -0.000)  (8.384, -0.843)
step= 33  t=16.500  (32.587, 0.506)  (30.000, -0.000)  (10.000, -0.000)  (7.390, -0.743)
step= 34  t=17.000  (33.584, 0.438)  (30.000, -0.000)  (10.000, -0.000)  (6.396, -0.643)
step= 35  t=17.500  (34.582, 0.370)  (30.000, -0.000)  (10.000, -0.000)  (5.401, -0.543)
step= 36  t=18.000  (35.579, 0.302)  (30.000, -0.000)  (10.000, -0.000)  (4.407, -0.443)
step= 37  t=18.500  (36.576, 0.234)  (30.000, -0.000)  (10.000, -0.000)  (3.412, -0.343)
step= 38  t=19.000  (37.573, 0.166)  (30.000, -0.000)  (10.000, -0.000)  (2.418, -0.243)
step= 39  t=19.500  (38.570, 0.098)  (30.000, -0.000)  (10.000, -0.000)  (1.423, -0.143)
step= 40  t=20.000  (39.568, 0.030)  (30.000, -0.000)  (10.000, -0.000)  (0.429, -0.043)
step= 41  t=20.500  (40.000, -0.000)  (30.000, -0.000)  (10.000, -0.000)  (-0.000, 0.000)
