Simulation has 4 agents and 0 obstacle vertices in it.
Running simulation
step= 0  t=0.000  (0.000, 0.000)  (10.000, 0.000)  (30.000, 0.000)  (40.000, 0.000)
step= 1  t=0.500  (1.000, 0.000)  (11.000, 0.000)  (29.000, 0.000)  (39.000, 0.000)
step= 2  t=1.000  (1.999, 0.000)  (11.999, 0.000)  (28.001, 0.000)  (38.001, 0.000)
step= 3  t=1.500  (2.999, 0.000)  (12.999, 0.000)  (27.001, 0.000)  (37.001, 0.000)
step= 4  t=2.000  (3.998, 0.000)  (13.998, 0.000)  (26.002, 0.000)  (36.002, 0.000)
step= 5  t=2.500  (4.998, 0.000)  (14.998, 0.000)  (25.002, 0.000)  (35.002, 0.000)
step= 6  t=3.000  (5.998, 0.000)  (15.998, 0.000)  (24.002, 0.000)  (34.002, 0.000)
step= 7  t=3.500  (6.997, 0.000)  (16.997, 0.000)  (23.003, 0.000)  (33.003, 0.000)
step= 8  t=4.000  (7.997, 0.000)  (17.997, 0.000)  (22.003, 0.000)  (32.003, 0.000)
step= 9  t=4.500  (8.996, 0.000)  (18.910, -0.339)  (21.090, 0.339)  (31.004, 0.000)
step= 10  t=5.000  (9.996, 0.000)  (19.867, -0.587)  (20.133, 0.587)  (30.004, 0.000)
step= 11  t=5.500  (10.996, 0.000)  (20.864, -0.529)  (19.136, 0.529)  (29.004, 0.000)
step= 12  t=6.000  (11.995, 0.000)  (21.862, -0.471)  (18.138, 0.471)  (28.005, 0.000)
step= 13  t=6.500  (12.995, 0.000)  (22.860, -0.413)  (17.140, 0.413)  (27.005, 0.000)
step= 14  t=7.000  (13.956, -0.268)  (23.820, -0.624)  (16.180, 0.624)  (26.044, 0.268)
step= 15  t=7.500  (14.940, -0.446)  (24.804, -0.743)  (15.196, 0.743)  (25.060, 0.446)
step= 16  t=8.000  (15.940, -0.428)  (25.794, -0.602)  (14.206, 0.602)  (24.060, 0.428)
step= 17  t=8.500  (16.939, -0.410)  (26.783, -0.460)  (13.217, 0.460)  (23.061, 0.410)
step= 18  t=9.000  (17.939, -0.392)  (27.773, -0.319)  (12.227, 0.319)  (22.061, 0.392)
step= 19  t=9.500  (18.927, -0.544)  (28.762, -0.177)  (11.238, 0.177)  (21.073, 0.544)
step= 20  t=10.000  (19.925, -0.604)  (29.752, -0.036)  (10.248, 0.036)  (20.075, 0.604)
step= 21  t=10.500  (20.924, -0.574)  (30.000, -0.000)  (10.000, 0.000)  (19.076, 0.574)
step= 22  t=11.000  (21.923, -0.544)  (30.000, -0.000)  (10.000, 0.000)  (18.077, 0.544)
step= 23  t=11.500  (22.922, -0.513)  (30.000, -0.000)  (10.000, 0.000)  (17.078, 0.513)
step= 24  t=12.000  (23.921, -0.483)  (30.000, -0.000)  (10.000, 0.000)  (16.079, 0.483)
step= 25  t=12.500  (24.921, -0.453)  (30.000, -0.000)  (10.000, 0.000)  (15.079, 0.453)
step= 26  t=13.000  (25.828, -0.502)  (30.000, -0.000)  (10.000, 0.000)  (14.172, 0.502)
step= 27  t=13.500  (26.786, -0.661)  (30.000, -0.000)  (10.000, 0.000)  (13.214, 0.661)
step= 28  t=14.000  (27.757, -0.863)  (30.000, -0.000)  (10.000, 0.000)  (12.243, 0.863)
step= 29  t=14.500  (28.736, -1.069)  (30.000, -0.000)  (10.000, 0.000)  (11.264, 1.069)
step= 30  t=15.000  (29.722, -1.235)  (30.000, -0.000)  (10.000, 0.000)  (10.278, 1.235)
step= 31  t=15.500  (30.722, -1.231)  (30.000, -0.000)  (10.000, 0.000)  (9.278, 1.231)
step= 32  t=16.000  (31.713, -1.099)  (30.000, -0.000)  (10.000, 0.000)  (8.287, 1.099)
step= 33  t=16.500  (32.704, -0.968)  (30.000, -0.000)  (10.000, 0.000)  (7.296, 0.968)
step= 34  t=17.000  (33.694, -0.836)  (30.000, -0.000)  (10.000, 0.000)  (6.306, 0.836)
step= 35  t=17.500  (34.685, -0.705)  (30.000, -0.000)  (10.000, 0.000)  (5.315, 0.705)
step= 36  t=18.000  (35.676, -0.574)  (30.000, -0.000)  (10.000, 0.000)  (4.324, 0.574)
step= 37  t=18.500  (36.667, -0.442)  (30.000, -0.000)  (10.000, 0.000)  (3.333, 0.442)
step= 38  t=19.000  (37.658, -0.311)  (30.000, -0.000)  (10.000, 0.000)  (2.342, 0.311)
step= 39  t=19.500  (38.648, -0.179)  (30.000, -0.000)  (10.000, 0.000)  (1.352, 0.179)
step= 40  t=20.000  (39.639, -0.048)  (30.000, -0.000)  (10.000, 0.000)  (0.361, 0.048)
step= 41  t=20.500  (40.000, 0.000)  (30.000, -0.000)  (10.000, 0.000)  (-0.000, -0.000)
