step= 0  t=0.000  (1.999, 0.000)  (1.999, 0.000)  (-1.999, 0.000)  (-1.999, 0.000)
step= 1  t=0.500  (1.999, 0.000)  (1.999, 0.000)  (-1.999, 0.000)  (-1.999, 0.000)
step= 2  t=1.000  (1.999, 0.000)  (1.999, 0.000)  (-1.999, 0.000)  (-1.999, 0.000)
step= 3  t=1.500  (1.999, 0.000)  (1.999, 0.000)  (-1.999, 0.000)  (-1.999, 0.000)
step= 4  t=2.000  (1.999, 0.000)  (1.999, 0.000)  (-1.999, 0.000)  (-1.999, 0.000)
step= 5  t=2.500  (1.999, 0.000)  (1.999, 0.000)  (-1.999, 0.000)  (-1.999, 0.000)
step= 6  t=3.000  (1.999, 0.000)  (1.999, 0.000)  (-1.999, 0.000)  (-1.999, 0.000)
step= 7  t=3.500  (1.999, 0.000)  (1.999, 0.000)  (-1.999, 0.000)  (-1.999, 0.000)
step= 8  t=4.000  (1.999, 0.000)  (-0.040, 0.001)  (-0.029, 0.004)  (-1.999, 0.000)
step= 9  t=4.500  (1.999, 0.000)  (0.421, 0.084)  (-0.506, 0.013)  (-1.999, 0.000)
step= 10  t=5.000  (1.999, 0.000)  (0.368, 0.194)  (-0.443, 0.029)  (-1.999, 0.000)
step= 11  t=5.500  (1.999, 0.000)  (0.832, 0.828)  (-0.545, -0.415)  (-1.999, 0.000)
step= 12  t=6.000  (1.999, 0.000)  (1.939, 0.441)  (-1.986, -0.095)  (-1.999, 0.000)
step= 13  t=6.500  (1.999, 0.000)  (1.993, 0.166)  (-1.998, 0.045)  (-1.999, 0.000)
step= 14  t=7.000  (0.033, 0.081)  (1.982, 0.174)  (-0.028, -0.033)  (-1.998, -0.020)
step= 15  t=7.500  (0.699, 0.129)  (1.982, 0.160)  (-0.737, -0.060)  (-0.999, 0.011)
step= 16  t=8.000  (1.253, 0.733)  (1.987, 0.086)  (-1.364, -0.671)  (-1.589, 0.035)
step= 17  t=8.500  (1.999, 0.055)  (1.971, -0.336)  (-1.998, -0.005)  (-2.000, -0.001)
step= 18  t=9.000  (1.998, -0.041)  (1.971, -0.336)  (-1.997, 0.108)  (-2.000, -0.001)
step= 19  t=9.500  (1.965, 0.265)  (1.971, -0.336)  (-1.992, 0.174)  (-1.967, -0.293)
step= 20  t=10.000  (1.972, 0.230)  (1.971, -0.336)  (-1.992, 0.174)  (-1.976, -0.240)
step= 21  t=10.500  (1.994, 0.111)  (1.971, -0.336)  (-1.992, 0.174)  (-1.996, -0.107)
step= 22  t=11.000  (1.998, -0.078)  (1.971, -0.336)  (-1.992, 0.174)  (-1.999, 0.033)
step= 23  t=11.500  (1.998, -0.078)  (0.718, -0.122)  (-1.992, 0.174)  (-1.999, 0.033)
step= 24  t=12.000  (1.998, -0.078)  (0.000, 0.000)  (-1.992, 0.174)  (-1.999, 0.033)
step= 25  t=12.500  (1.998, -0.078)  (0.000, 0.000)  (-1.285, 0.131)  (-2.000, 0.033)
step= 26  t=13.000  (1.998, -0.078)  (0.000, 0.000)  (-0.951, 0.223)  (-2.000, 0.033)
step= 27  t=13.500  (1.998, -0.078)  (0.000, 0.000)  (-0.432, 0.937)  (-2.000, 0.033)
step= 28  t=14.000  (1.947, 0.014)  (0.000, 0.000)  (1.679, 0.626)  (-1.999, 0.033)
step= 29  t=14.500  (1.972, 0.094)  (0.000, 0.000)  (0.707, 0.282)  (-1.999, 0.033)
step= 30  t=15.000  (1.944, 0.171)  (0.000, 0.000)  (0.441, -0.165)  (-1.999, 0.033)
step= 31  t=15.500  (1.874, 0.254)  (0.000, 0.000)  (0.008, -1.641)  (-1.999, 0.033)
step= 32  t=16.000  (1.990, 0.203)  (0.000, 0.000)  (-0.589, -0.356)  (-1.999, 0.033)
step= 33  t=16.500  (1.990, -0.198)  (0.000, 0.000)  (0.000, 0.000)  (-1.999, 0.033)
step= 34  t=17.000  (1.990, -0.198)  (0.000, 0.000)  (0.000, 0.000)  (-1.999, 0.033)
step= 35  t=17.500  (1.990, -0.198)  (0.000, 0.000)  (0.000, 0.000)  (-2.000, 0.033)
step= 36  t=18.000  (1.990, -0.198)  (0.000, 0.000)  (0.000, 0.000)  (-2.000, 0.033)
step= 37  t=18.500  (1.990, -0.198)  (0.000, 0.000)  (0.000, 0.000)  (-1.999, 0.033)
step= 38  t=19.000  (1.990, -0.198)  (0.000, 0.000)  (0.000, 0.000)  (-1.999, 0.033)
step= 39  t=19.500  (1.989, -0.198)  (0.000, 0.000)  (0.000, 0.000)  (-1.999, 0.033)
step= 40  t=20.000  (1.989, -0.198)  (0.000, 0.000)  (0.000, 0.000)  (-1.501, 0.025)
step= 41  t=20.500  (1.989, -0.198)  (0.000, 0.000)  (0.000, 0.000)  (0.000, 0.000)
step= 42  t=21.000  (0.477, -0.047)  (0.000, 0.000)  (0.000, 0.000)  (0.000, 0.000)
