Simulation has 4 agents and 0 obstacle vertices in it.
Running simulation
step= 0  t=0.000  (0.000, 0.000)  (10.000, 0.000)  (30.000, 0.000)  (40.000, 0.000)
step= 1  t=0.500  (1.000, 0.000)  (11.000, 0.000)  (29.000, 0.000)  (39.000, 0.000)
step= 2  t=1.000  (1.999, 0.000)  (11.999, 0.000)  (28.001, 0.000)  (38.001, 0.000)
step= 3  t=1.500  (2.999, 0.000)  (12.999, 0.000)  (27.001, 0.000)  (37.001, 0.000)
step= 4  t=2.000  (3.998, 0.000)  (13.998, 0.000)  (26.002, 0.000)  (36.002, 0.000)
step= 5  t=2.500  (4.998, 0.000)  (14.998, 0.000)  (25.002, 0.000)  (35.002, 0.000)
step= 6  t=3.000  (5.998, 0.000)  (15.998, 0.000)  (24.002, 0.000)  (34.002, 0.000)
step= 7  t=3.500  (6.997, 0.000)  (16.997, 0.000)  (23.003, 0.000)  (33.003, 0.000)
step= 8  t=4.000  (7.997, 0.000)  (17.997, 0.000)  (22.003, 0.000)  (32.003, 0.000)
step= 9  t=4.500  (8.996, 0.000)  (18.938, -0.227)  (21.062, -0.229)  (31.004, 0.000)
step= 10  t=5.000  (9.996, 0.000)  (19.612, -0.817)  (20.373, -0.792)  (30.004, 0.000)
step= 11  t=5.500  (10.996, 0.000)  (20.609, -0.739)  (19.376, -0.716)  (29.004, 0.000)
step= 12  t=6.000  (11.995, 0.000)  (21.605, -0.661)  (18.380, -0.640)  (28.005, 0.000)
step= 13  t=6.500  (12.995, 0.000)  (22.601, -0.582)  (17.383, -0.563)  (27.005, 0.000)
step= 14  t=7.000  (13.982, 0.131)  (23.586, -0.636)  (16.398, -0.615)  (26.016, 0.111)
step= 15  t=7.500  (14.967, 0.259)  (24.564, -0.695)  (15.420, -0.673)  (25.027, 0.212)
step= 16  t=8.000  (15.927, 0.459)  (25.456, -0.914)  (14.478, -0.817)  (24.107, 0.481)
step= 17  t=8.500  (16.926, 0.440)  (26.436, -0.717)  (13.494, -0.637)  (23.108, 0.461)
step= 18  t=9.000  (17.926, 0.421)  (27.416, -0.520)  (12.511, -0.458)  (22.109, 0.441)
step= 19  t=9.500  (18.873, 0.612)  (28.396, -0.323)  (11.528, -0.279)  (21.159, 0.632)
step= 20  t=10.000  (19.771, 0.371)  (29.376, -0.126)  (10.544, -0.099)  (20.425, 1.160)
step= 21  t=10.500  (20.638, 0.093)  (30.000, 0.000)  (10.000, 0.000)  (19.725, 1.687)
step= 22  t=11.000  (21.638, 0.088)  (30.000, 0.000)  (10.000, 0.000)  (18.729, 1.602)
step= 23  t=11.500  (22.637, 0.083)  (30.000, 0.000)  (10.000, 0.000)  (17.733, 1.516)
step= 24  t=12.000  (23.637, 0.078)  (30.000, 0.000)  (10.000, 0.000)  (16.737, 1.431)
step= 25  t=12.500  (24.637, 0.073)  (30.000, 0.000)  (10.000, 0.000)  (15.741, 1.346)
step= 26  t=13.000  (25.636, 0.069)  (30.000, 0.000)  (10.000, 0.000)  (14.745, 1.261)
step= 27  t=13.500  (26.636, 0.064)  (30.000, 0.000)  (10.000, 0.000)  (13.749, 1.176)
step= 28  t=14.000  (27.635, 0.059)  (30.000, 0.000)  (10.000, 0.000)  (12.753, 1.091)
step= 29  t=14.500  (28.610, 0.005)  (30.000, 0.000)  (10.000, 0.000)  (11.755, 1.061)
step= 30  t=15.000  (29.510, -0.092)  (30.000, 0.000)  (10.000, 0.000)  (10.756, 1.064)
step= 31  t=15.500  (30.253, -0.501)  (30.000, 0.000)  (10.000, 0.000)  (9.757, 1.089)
step= 32  t=16.000  (31.209, -0.794)  (30.000, 0.000)  (10.000, 0.000)  (8.763, 0.978)
step= 33  t=16.500  (32.205, -0.704)  (30.000, 0.000)  (10.000, 0.000)  (7.770, 0.867)
step= 34  t=17.000  (33.200, -0.614)  (30.000, 0.000)  (10.000, 0.000)  (6.777, 0.756)
step= 35  t=17.500  (34.195, -0.524)  (30.000, 0.000)  (10.000, 0.000)  (5.784, 0.645)
step= 36  t=18.000  (35.191, -0.434)  (30.000, 0.000)  (10.000, 0.000)  (4.791, 0.535)
step= 37  t=18.500  (36.186, -0.344)  (30.000, 0.000)  (10.000, 0.000)  (3.797, 0.424)
step= 38  t=19.000  (37.182, -0.254)  (30.000, 0.000)  (10.000, 0.000)  (2.804, 0.313)
step= 39  t=19.500  (38.177, -0.165)  (30.000, 0.000)  (10.000, 0.000)  (1.810, 0.202)
step= 40  t=20.000  (39.173, -0.075)  (30.000, 0.000)  (10.000, 0.000)  (0.817, 0.091)
step= 41  t=20.500  (40.000, 0.000)  (30.000, 0.000)  (10.000, 0.000)  (-0.000, -0.000)
