Simulation has 4 agents and 0 obstacle vertices in it.
Running simulation
step= 0  t=0.000  (0.000, 0.000)  (10.000, 0.000)  (30.000, 0.000)  (40.000, 0.000)
step= 1  t=0.500  (1.000, 0.000)  (11.000, 0.000)  (29.000, 0.000)  (39.000, 0.000)
step= 2  t=1.000  (1.999, 0.000)  (11.999, 0.000)  (28.001, 0.000)  (38.001, 0.000)
step= 3  t=1.500  (2.999, 0.000)  (12.999, 0.000)  (27.001, 0.000)  (37.001, 0.000)
step= 4  t=2.000  (3.998, 0.000)  (13.998, 0.000)  (26.002, 0.000)  (36.002, 0.000)
step= 5  t=2.500  (4.998, 0.000)  (14.998, 0.000)  (25.002, 0.000)  (35.002, 0.000)
step= 6  t=3.000  (5.998, 0.000)  (15.998, 0.000)  (24.002, 0.000)  (34.002, 0.000)
step= 7  t=3.500  (6.997, 0.000)  (16.997, 0.000)  (23.003, 0.000)  (33.003, 0.000)
step= 8  t=4.000  (7.997, 0.000)  (17.997, 0.000)  (22.003, 0.000)  (32.003, 0.000)
step= 9  t=4.500  (8.996, 0.000)  (18.922, -0.290)  (21.078, 0.290)  (31.004, 0.000)
step= 10  t=5.000  (9.996, 0.000)  (19.867, -0.534)  (20.133, 0.534)  (30.004, 0.000)
step= 11  t=5.500  (10.996, 0.000)  (20.865, -0.482)  (19.135, 0.482)  (29.004, 0.000)
step= 12  t=6.000  (11.995, 0.000)  (21.863, -0.429)  (18.137, 0.429)  (28.005, 0.000)
step= 13  t=6.500  (12.995, 0.000)  (22.861, -0.376)  (17.139, 0.376)  (27.005, 0.000)
step= 14  t=7.000  (13.960, -0.225)  (23.825, -0.549)  (16.175, 0.549)  (26.040, 0.225)
step= 15  t=7.500  (14.940, -0.404)  (24.799, -0.675)  (15.201, 0.675)  (25.060, 0.404)
step= 16  t=8.000  (15.940, -0.388)  (25.790, -0.546)  (14.210, 0.546)  (24.060, 0.388)
step= 17  t=8.500  (16.939, -0.372)  (26.781, -0.418)  (13.219, 0.418)  (23.061, 0.372)
step= 18  t=9.000  (17.938, -0.356)  (27.773, -0.289)  (12.227, 0.289)  (22.062, 0.356)
step= 19  t=9.500  (18.929, -0.476)  (28.764, -0.160)  (11.236, 0.160)  (21.071, 0.476)
step= 20  t=10.000  (19.926, -0.548)  (29.755, -0.032)  (10.245, 0.032)  (20.074, 0.548)
step= 21  t=10.500  (20.925, -0.521)  (30.000, -0.000)  (10.000, 0.000)  (19.075, 0.521)
step= 22  t=11.000  (21.924, -0.494)  (30.000, -0.000)  (10.000, 0.000)  (18.076, 0.494)
step= 23  t=11.500  (22.923, -0.467)  (30.000, -0.000)  (10.000, 0.000)  (17.077, 0.467)
step= 24  t=12.000  (23.922, -0.439)  (30.000, -0.000)  (10.000, 0.000)  (16.078, 0.439)
step= 25  t=12.500  (24.921, -0.412)  (30.000, -0.000)  (10.000, 0.000)  (15.079, 0.412)
step= 26  t=13.000  (25.863, -0.431)  (30.000, -0.000)  (10.000, 0.000)  (14.137, 0.431)
step= 27  t=13.500  (26.844, -0.530)  (30.000, -0.000)  (10.000, 0.000)  (13.156, 0.530)
step= 28  t=14.000  (27.816, -0.669)  (30.000, -0.000)  (10.000, 0.000)  (12.184, 0.669)
step= 29  t=14.500  (28.781, -0.829)  (30.000, -0.000)  (10.000, 0.000)  (11.219, 0.829)
step= 30  t=15.000  (29.742, -0.997)  (30.000, -0.000)  (10.000, 0.000)  (10.258, 0.997)
step= 31  t=15.500  (30.734, -1.120)  (30.000, -0.000)  (10.000, 0.000)  (9.266, 1.120)
step= 32  t=16.000  (31.726, -1.000)  (30.000, -0.000)  (10.000, 0.000)  (8.274, 1.000)
step= 33  t=16.500  (32.718, -0.880)  (30.000, -0.000)  (10.000, 0.000)  (7.282, 0.880)
step= 34  t=17.000  (33.711, -0.760)  (30.000, -0.000)  (10.000, 0.000)  (6.289, 0.760)
step= 35  t=17.500  (34.703, -0.640)  (30.000, -0.000)  (10.000, 0.000)  (5.297, 0.640)
step= 36  t=18.000  (35.695, -0.520)  (30.000, -0.000)  (10.000, 0.000)  (4.305, 0.520)
step= 37  t=18.500  (36.687, -0.400)  (30.000, -0.000)  (10.000, 0.000)  (3.313, 0.400)
step= 38  t=19.000  (37.680, -0.280)  (30.000, -0.000)  (10.000, 0.000)  (2.320, 0.280)
step= 39  t=19.500  (38.672, -0.160)  (30.000, -0.000)  (10.000, 0.000)  (1.328, 0.160)
step= 40  t=20.000  (39.665, -0.041)  (30.000, -0.000)  (10.000, 0.000)  (0.335, 0.041)
step= 41  t=20.500  (40.000, -0.000)  (30.000, -0.000)  (10.000, 0.000)  (0.000, 0.000)
