Simulation has 4 agents and 0 obstacle vertices in it.
Running simulation
step= 0  t=0.000  (0.000, 0.000)  (10.000, 0.000)  (30.000, 0.000)  (40.000, 0.000)
step= 1  t=0.500  (1.000, 0.000)  (11.000, 0.000)  (29.000, 0.000)  (39.000, 0.000)
step= 2  t=1.000  (1.999, 0.000)  (11.999, 0.000)  (28.001, 0.000)  (38.001, 0.000)
step= 3  t=1.500  (2.999, 0.000)  (12.999, 0.000)  (27.001, 0.000)  (37.001, 0.000)
step= 4  t=2.000  (3.998, 0.000)  (13.998, 0.000)  (26.002, 0.000)  (36.002, 0.000)
step= 5  t=2.500  (4.998, 0.000)  (14.998, 0.000)  (25.002, 0.000)  (35.002, 0.000)
step= 6  t=3.000  (5.998, 0.000)  (15.998, 0.000)  (24.002, 0.000)  (34.002, 0.000)
step= 7  t=3.500  (6.997, 0.000)  (16.997, 0.000)  (23.003, 0.000)  (33.003, 0.000)
step= 8  t=4.000  (7.997, 0.000)  (17.997, 0.000)  (22.003, 0.000)  (32.003, 0.000)
step= 9  t=4.500  (8.996, 0.000)  (18.695, -0.459)  (21.305, 0.459)  (31.004, 0.000)
step= 10  t=5.000  (9.996, 0.000)  (19.375, -0.905)  (20.625, 0.905)  (30.004, 0.000)
step= 11  t=5.500  (10.996, 0.000)  (20.032, -1.337)  (19.968, 1.337)  (29.004, 0.000)
step= 12  t=6.000  (11.995, 0.000)  (21.022, -1.204)  (18.978, 1.204)  (28.005, 0.000)
step= 13  t=6.500  (12.995, 0.000)  (22.013, -1.071)  (17.987, 1.071)  (27.005, 0.000)
step= 14  t=7.000  (13.927, -0.287)  (22.935, -1.226)  (17.065, 1.226)  (26.073, 0.287)
step= 15  t=7.500  (14.856, -0.574)  (23.844, -1.377)  (16.156, 1.377)  (25.144, 0.574)
step= 16  t=8.000  (15.782, -0.861)  (24.733, -1.524)  (15.267, 1.524)  (24.218, 0.861)
step= 17  t=8.500  (16.781, -0.825)  (25.693, -1.246)  (14.307, 1.246)  (23.219, 0.825)
step= 18  t=9.000  (17.780, -0.790)  (26.653, -0.968)  (13.347, 0.968)  (22.220, 0.790)
step= 19  t=9.500  (18.753, -0.931)  (27.613, -0.691)  (12.387, 0.691)  (21.247, 0.931)
step= 20  t=10.000  (19.726, -1.072)  (28.573, -0.413)  (11.427, 0.413)  (20.274, 1.072)
step= 21  t=10.500  (20.696, -1.212)  (29.534, -0.135)  (10.466, 0.135)  (19.304, 1.212)
step= 22  t=11.000  (21.694, -1.150)  (30.000, 0.000)  (10.000, -0.000)  (18.306, 1.150)
step= 23  t=11.500  (22.691, -1.087)  (30.000, 0.000)  (10.000, -0.000)  (17.309, 1.087)
step= 24  t=12.000  (23.689, -1.024)  (30.000, 0.000)  (10.000, -0.000)  (16.311, 1.024)
step= 25  t=12.500  (24.686, -0.962)  (30.000, 0.000)  (10.000, -0.000)  (15.314, 0.962)
step= 26  t=13.000  (25.684, -0.899)  (30.000, 0.000)  (10.000, -0.000)  (14.316, 0.899)
step= 27  t=13.500  (26.657, -0.866)  (30.000, 0.000)  (10.000, -0.000)  (13.343, 0.866)
step= 28  t=14.000  (27.613, -0.892)  (30.000, 0.000)  (10.000, -0.000)  (12.387, 0.892)
step= 29  t=14.500  (28.487, -0.971)  (30.000, 0.000)  (10.000, -0.000)  (11.513, 0.971)
step= 30  t=15.000  (29.148, -1.247)  (30.000, 0.000)  (10.000, -0.000)  (10.852, 1.247)
step= 31  t=15.500  (29.886, -1.778)  (30.000, 0.000)  (10.000, -0.000)  (10.114, 1.778)
step= 32  t=16.000  (30.805, -2.172)  (30.000, 0.000)  (10.000, -0.000)  (9.195, 2.172)
step= 33  t=16.500  (31.802, -2.096)  (30.000, 0.000)  (10.000, -0.000)  (8.198, 2.096)
step= 34  t=17.000  (32.770, -1.849)  (30.000, 0.000)  (10.000, -0.000)  (7.230, 1.849)
step= 35  t=17.500  (33.739, -1.601)  (30.000, 0.000)  (10.000, -0.000)  (6.261, 1.601)
step= 36  t=18.000  (34.707, -1.353)  (30.000, 0.000)  (10.000, -0.000)  (5.293, 1.353)
step= 37  t=18.500  (35.675, -1.106)  (30.000, 0.000)  (10.000, -0.000)  (4.325, 1.106)
step= 38  t=19.000  (36.643, -0.858)  (30.000, 0.000)  (10.000, -0.000)  (3.357, 0.858)
step= 39  t=19.500  (37.612, -0.611)  (30.000, 0.000)  (10.000, -0.000)  (2.388, 0.611)
step= 40  t=20.000  (38.580, -0.363)  (30.000, 0.000)  (10.000, -0.000)  (1.420, 0.363)
step= 41  t=20.500  (39.549, -0.115)  (30.000, 0.000)  (10.000, -0.000)  (0.451, 0.115)
step= 42  t=21.000  (40.000, 0.000)  (30.000, 0.000)  (10.000, -0.000)  (-0.000, -0.000)
