Simulation has 4 agents and 0 obstacle vertices in it.
Running simulation
step= 0  t=0.000  (0.000, 0.000)  (10.000, 0.000)  (30.000, 0.000)  (40.000, 0.000)
step= 1  t=0.500  (1.000, 0.000)  (11.000, 0.000)  (29.000, 0.000)  (39.000, 0.000)
step= 2  t=1.000  (1.999, 0.000)  (11.999, 0.000)  (28.001, 0.000)  (38.001, 0.000)
step= 3  t=1.500  (2.999, 0.000)  (12.999, 0.000)  (27.001, 0.000)  (37.001, 0.000)
step= 4  t=2.000  (3.998, 0.000)  (13.998, 0.000)  (26.002, 0.000)  (36.002, 0.000)
step= 5  t=2.500  (4.998, 0.000)  (14.998, 0.000)  (25.002, 0.000)  (35.002, 0.000)
step= 6  t=3.000  (5.998, 0.000)  (15.998, 0.000)  (24.002, 0.000)  (34.002, 0.000)
step= 7  t=3.500  (6.997, 0.000)  (16.997, 0.000)  (23.003, 0.000)  (33.003, 0.000)
step= 8  t=4.000  (7.997, 0.000)  (17.997, 0.000)  (22.003, 0.000)  (32.003, 0.000)
step= 9  t=4.500  (8.996, 0.000)  (17.977, 0.000)  (21.989, 0.002)  (31.004, 0.000)
step= 10  t=5.000  (9.996, 0.000)  (18.187, 0.043)  (21.736, 0.009)  (30.004, 0.000)
step= 11  t=5.500  (10.996, 0.000)  (18.371, 0.140)  (21.514, 0.023)  (29.004, 0.000)
step= 12  t=6.000  (11.995, 0.000)  (18.788, 0.554)  (21.242, -0.184)  (28.005, 0.000)
step= 13  t=6.500  (12.995, 0.000)  (19.757, 0.775)  (20.249, -0.232)  (27.005, 0.000)
step= 14  t=7.000  (13.994, 0.000)  (20.753, 0.858)  (19.250, -0.209)  (26.006, 0.000)
step= 15  t=7.500  (14.011, 0.040)  (21.744, 0.945)  (19.236, -0.226)  (25.006, -0.010)
step= 16  t=8.000  (14.360, 0.105)  (22.735, 1.025)  (18.868, -0.256)  (24.507, -0.004)
step= 17  t=8.500  (14.987, 0.471)  (23.728, 1.068)  (18.185, -0.591)  (23.712, 0.013)
step= 18  t=9.000  (15.986, 0.499)  (24.714, 0.900)  (17.187, -0.593)  (22.712, 0.012)
step= 19  t=9.500  (16.985, 0.478)  (25.700, 0.732)  (16.188, -0.540)  (21.713, 0.012)
step= 20  t=10.000  (17.967, 0.611)  (26.685, 0.564)  (15.192, -0.453)  (20.729, -0.135)
step= 21  t=10.500  (18.954, 0.726)  (27.670, 0.397)  (14.196, -0.366)  (19.741, -0.255)
step= 22  t=11.000  (19.951, 0.781)  (28.656, 0.229)  (13.200, -0.279)  (18.743, -0.308)
step= 23  t=11.500  (20.950, 0.742)  (29.641, 0.061)  (12.204, -0.192)  (17.743, -0.291)
step= 24  t=12.000  (21.949, 0.703)  (30.000, -0.000)  (11.208, -0.105)  (16.744, -0.275)
step= 25  t=12.500  (22.948, 0.664)  (30.000, -0.000)  (10.211, -0.018)  (15.744, -0.259)
step= 26  t=13.000  (23.946, 0.626)  (30.000, -0.000)  (9.569, 0.047)  (14.744, -0.242)
step= 27  t=13.500  (24.945, 0.587)  (30.000, -0.000)  (9.093, 0.159)  (13.744, -0.226)
step= 28  t=14.000  (25.944, 0.548)  (30.000, -0.000)  (8.877, 0.627)  (12.745, -0.209)
step= 29  t=14.500  (26.918, 0.555)  (30.000, -0.000)  (9.717, 0.940)  (11.745, -0.193)
step= 30  t=15.000  (27.904, 0.602)  (30.000, -0.000)  (10.070, 1.081)  (10.746, -0.177)
step= 31  t=15.500  (28.876, 0.687)  (30.000, -0.000)  (10.290, 0.999)  (9.747, -0.160)
step= 32  t=16.000  (29.813, 0.814)  (30.000, -0.000)  (10.295, 0.178)  (8.747, -0.144)
step= 33  t=16.500  (30.808, 0.915)  (30.000, -0.000)  (10.000, 0.000)  (7.748, -0.127)
step= 34  t=17.000  (31.803, 0.816)  (30.000, -0.000)  (10.000, 0.000)  (6.748, -0.111)
step= 35  t=17.500  (32.798, 0.717)  (30.000, -0.000)  (10.000, 0.000)  (5.748, -0.094)
step= 36  t=18.000  (33.793, 0.618)  (30.000, -0.000)  (10.000, 0.000)  (4.749, -0.078)
step= 37  t=18.500  (34.788, 0.519)  (30.000, -0.000)  (10.000, 0.000)  (3.749, -0.062)
step= 38  t=19.000  (35.783, 0.420)  (30.000, -0.000)  (10.000, 0.000)  (2.749, -0.045)
step= 39  t=19.500  (36.778, 0.321)  (30.000, -0.000)  (10.000, 0.000)  (1.750, -0.029)
step= 40  t=20.000  (37.772, 0.222)  (30.000, -0.000)  (10.000, 0.000)  (0.750, -0.012)
step= 41  t=20.500  (38.767, 0.123)  (30.000, -0.000)  (10.000, 0.000)  (0.000, -0.000)
step= 42  t=21.000  (39.762, 0.024)  (30.000, -0.000)  (10.000, 0.000)  (0.000, -0.000)
step= 43  t=21.500  (40.000, 0.000)  (30.000, -0.000)  (10.000, 0.000)  (0.000, -0.000)
