Simulation has 4 agents and 0 obstacle vertices in it.
Running simulation
step= 0  t=0.000  (0.000, 0.000)  (10.000, 0.000)  (30.000, 0.000)  (40.000, 0.000)
step= 1  t=0.500  (1.000, 0.000)  (11.000, 0.000)  (29.000, 0.000)  (39.000, 0.000)
step= 2  t=1.000  (1.999, 0.000)  (11.999, 0.000)  (28.001, 0.000)  (38.001, 0.000)
step= 3  t=1.500  (2.999, 0.000)  (12.999, 0.000)  (27.001, 0.000)  (37.001, 0.000)
step= 4  t=2.000  (3.998, 0.000)  (13.998, 0.000)  (26.002, 0.000)  (36.002, 0.000)
step= 5  t=2.500  (4.998, 0.000)  (14.998, 0.000)  (25.002, 0.000)  (35.002, 0.000)
step= 6  t=3.000  (5.998, 0.000)  (15.998, 0.000)  (24.002, 0.000)  (34.002, 0.000)
step= 7  t=3.500  (6.997, 0.000)  (16.997, 0.000)  (23.003, 0.000)  (33.003, 0.000)
step= 8  t=4.000  (7.997, 0.000)  (17.997, 0.000)  (22.003, 0.000)  (32.003, 0.000)
step= 9  t=4.500  (8.996, 0.000)  (18.837, -0.366)  (21.163, 0.366)  (31.004, 0.000)
step= 10  t=5.000  (9.996, 0.000)  (19.666, -0.727)  (20.334, 0.727)  (30.004, 0.000)
step= 11  t=5.500  (10.996, 0.000)  (20.478, -1.081)  (19.522, 1.081)  (29.004, 0.000)
step= 12  t=6.000  (11.995, 0.000)  (21.472, -0.968)  (18.528, 0.968)  (28.005, 0.000)
step= 13  t=6.500  (12.995, 0.000)  (22.465, -0.856)  (17.535, 0.856)  (27.005, 0.000)
step= 14  t=7.000  (13.958, -0.219)  (23.422, -0.961)  (16.578, 0.961)  (26.042, 0.219)
step= 15  t=7.500  (14.920, -0.437)  (24.369, -1.066)  (15.631, 1.066)  (25.080, 0.437)
step= 16  t=8.000  (15.880, -0.655)  (25.303, -1.168)  (14.697, 1.168)  (24.120, 0.655)
step= 17  t=8.500  (16.879, -0.628)  (26.273, -0.927)  (13.727, 0.927)  (23.121, 0.628)
step= 18  t=9.000  (17.878, -0.601)  (27.243, -0.685)  (12.757, 0.685)  (22.122, 0.601)
step= 19  t=9.500  (18.866, -0.695)  (28.213, -0.444)  (11.787, 0.444)  (21.134, 0.695)
step= 20  t=10.000  (19.853, -0.790)  (29.183, -0.203)  (10.817, 0.203)  (20.147, 0.790)
step= 21  t=10.500  (20.840, -0.884)  (30.000, 0.000)  (10.000, -0.000)  (19.160, 0.884)
step= 22  t=11.000  (21.838, -0.838)  (30.000, 0.000)  (10.000, -0.000)  (18.162, 0.838)
step= 23  t=11.500  (22.837, -0.792)  (30.000, 0.000)  (10.000, -0.000)  (17.163, 0.792)
step= 24  t=12.000  (23.835, -0.746)  (30.000, 0.000)  (10.000, -0.000)  (16.165, 0.746)
step= 25  t=12.500  (24.834, -0.700)  (30.000, 0.000)  (10.000, -0.000)  (15.166, 0.700)
step= 26  t=13.000  (25.832, -0.654)  (30.000, 0.000)  (10.000, -0.000)  (14.168, 0.654)
step= 27  t=13.500  (26.831, -0.608)  (30.000, 0.000)  (10.000, -0.000)  (13.169, 0.608)
step= 28  t=14.000  (27.829, -0.562)  (30.000, 0.000)  (10.000, -0.000)  (12.171, 0.562)
step= 29  t=14.500  (28.827, -0.515)  (30.000, 0.000)  (10.000, -0.000)  (11.173, 0.515)
step= 30  t=15.000  (29.659, -0.583)  (30.000, 0.000)  (10.000, -0.000)  (10.341, 0.583)
step= 31  t=15.500  (30.473, -1.010)  (30.000, 0.000)  (10.000, -0.000)  (9.527, 1.010)
step= 32  t=16.000  (31.415, -1.346)  (30.000, 0.000)  (10.000, -0.000)  (8.585, 1.346)
step= 33  t=16.500  (32.415, -1.334)  (30.000, 0.000)  (10.000, -0.000)  (7.585, 1.334)
step= 34  t=17.000  (33.400, -1.161)  (30.000, 0.000)  (10.000, -0.000)  (6.600, 1.161)
step= 35  t=17.500  (34.384, -0.988)  (30.000, 0.000)  (10.000, -0.000)  (5.616, 0.988)
step= 36  t=18.000  (35.368, -0.815)  (30.000, 0.000)  (10.000, -0.000)  (4.632, 0.815)
step= 37  t=18.500  (36.352, -0.642)  (30.000, 0.000)  (10.000, -0.000)  (3.648, 0.642)
step= 38  t=19.000  (37.337, -0.468)  (30.000, 0.000)  (10.000, -0.000)  (2.663, 0.468)
step= 39  t=19.500  (38.321, -0.295)  (30.000, 0.000)  (10.000, -0.000)  (1.679, 0.295)
step= 40  t=20.000  (39.306, -0.122)  (30.000, 0.000)  (10.000, -0.000)  (0.694, 0.122)
step= 41  t=20.500  (40.000, 0.000)  (30.000, 0.000)  (10.000, -0.000)  (-0.000, -0.000)
