Simulation has 4 agents and 0 obstacle vertices in it.
Running simulation
step= 0  t=0.000  (0.000, 0.000)  (10.000, 0.000)  (30.000, 0.000)  (40.000, 0.000)
step= 1  t=0.500  (1.000, 0.000)  (11.000, 0.000)  (29.000, 0.000)  (39.000, 0.000)
step= 2  t=1.000  (1.999, 0.000)  (11.999, 0.000)  (28.001, 0.000)  (38.001, 0.000)
step= 3  t=1.500  (2.999, 0.000)  (12.999, 0.000)  (27.001, 0.000)  (37.001, 0.000)
step= 4  t=2.000  (3.998, 0.000)  (13.998, 0.000)  (26.002, 0.000)  (36.002, 0.000)
step= 5  t=2.500  (4.998, 0.000)  (14.998, 0.000)  (25.002, 0.000)  (35.002, 0.000)
step= 6  t=3.000  (5.998, 0.000)  (15.998, 0.000)  (24.002, 0.000)  (34.002, 0.000)
step= 7  t=3.500  (6.997, 0.000)  (16.997, 0.000)  (23.003, 0.000)  (33.003, 0.000)
step= 8  t=4.000  (7.997, 0.000)  (17.997, 0.000)  (22.003, 0.000)  (32.003, 0.000)
step= 9  t=4.500  (8.996, 0.000)  (18.937, -0.233)  (21.064, -0.236)  (31.004, 0.000)
step= 10  t=5.000  (9.996, 0.000)  (19.612, -0.820)  (20.386, -0.821)  (30.004, 0.000)
step= 11  t=5.500  (10.996, 0.000)  (20.608, -0.742)  (19.389, -0.742)  (29.004, 0.000)
step= 12  t=6.000  (11.995, 0.000)  (21.605, -0.663)  (18.393, -0.664)  (28.005, 0.000)
step= 13  t=6.500  (12.995, 0.000)  (22.601, -0.584)  (17.397, -0.585)  (27.005, 0.000)
step= 14  t=7.000  (13.981, 0.146)  (23.586, -0.634)  (16.412, -0.635)  (26.017, 0.120)
step= 15  t=7.500  (14.966, 0.299)  (24.566, -0.683)  (15.429, -0.669)  (25.030, 0.247)
step= 16  t=8.000  (15.953, 0.447)  (25.512, -0.806)  (14.446, -0.678)  (24.072, 0.456)
step= 17  t=8.500  (16.952, 0.429)  (26.495, -0.629)  (13.458, -0.527)  (23.073, 0.437)
step= 18  t=9.000  (17.952, 0.410)  (27.479, -0.453)  (12.470, -0.377)  (22.073, 0.418)
step= 19  t=9.500  (18.895, 0.163)  (28.463, -0.276)  (11.482, -0.226)  (21.128, 0.620)
step= 20  t=10.000  (19.832, -0.090)  (29.447, -0.099)  (10.494, -0.075)  (20.191, 0.833)
step= 21  t=10.500  (20.832, -0.085)  (30.000, 0.000)  (10.000, 0.000)  (19.192, 0.792)
step= 22  t=11.000  (21.831, -0.081)  (30.000, 0.000)  (10.000, 0.000)  (18.194, 0.751)
step= 23  t=11.500  (22.831, -0.077)  (30.000, 0.000)  (10.000, 0.000)  (17.195, 0.710)
step= 24  t=12.000  (23.830, -0.072)  (30.000, 0.000)  (10.000, 0.000)  (16.196, 0.668)
step= 25  t=12.500  (24.830, -0.068)  (30.000, 0.000)  (10.000, 0.000)  (15.197, 0.627)
step= 26  t=13.000  (25.829, -0.063)  (30.000, 0.000)  (10.000, 0.000)  (14.199, 0.586)
step= 27  t=13.500  (26.829, -0.059)  (30.000, 0.000)  (10.000, 0.000)  (13.200, 0.545)
step= 28  t=14.000  (27.824, -0.063)  (30.000, 0.000)  (10.000, 0.000)  (12.271, 0.466)
step= 29  t=14.500  (28.802, -0.105)  (30.000, 0.000)  (10.000, 0.000)  (11.364, 0.306)
step= 30  t=15.000  (29.674, -0.198)  (30.000, 0.000)  (10.000, 0.000)  (10.600, 0.134)
step= 31  t=15.500  (30.596, -0.584)  (30.000, 0.000)  (10.000, 0.000)  (10.180, -0.038)
step= 32  t=16.000  (31.596, -0.580)  (30.000, 0.000)  (10.000, 0.000)  (9.733, -0.664)
step= 33  t=16.500  (32.593, -0.511)  (30.000, 0.000)  (10.000, 0.000)  (8.799, -1.021)
step= 34  t=17.000  (33.590, -0.442)  (30.000, 0.000)  (10.000, 0.000)  (7.806, -0.905)
step= 35  t=17.500  (34.587, -0.374)  (30.000, 0.000)  (10.000, 0.000)  (6.813, -0.790)
step= 36  t=18.000  (35.584, -0.305)  (30.000, 0.000)  (10.000, 0.000)  (5.820, -0.675)
step= 37  t=18.500  (36.581, -0.236)  (30.000, 0.000)  (10.000, 0.000)  (4.827, -0.560)
step= 38  t=19.000  (37.579, -0.167)  (30.000, 0.000)  (10.000, 0.000)  (3.835, -0.445)
step= 39  t=19.500  (38.576, -0.098)  (30.000, 0.000)  (10.000, 0.000)  (2.842, -0.330)
step= 40  t=20.000  (39.573, -0.029)  (30.000, 0.000)  (10.000, 0.000)  (1.849, -0.214)
step= 41  t=20.500  (40.000, 0.000)  (30.000, 0.000)  (10.000, 0.000)  (0.856, -0.099)
step= 42  t=21.000  (40.000, 0.000)  (30.000, 0.000)  (10.000, 0.000)  (-0.000, 0.000)
