step= 0  t=0.000  (1.999, 0.000)  (1.999, 0.000)  (-1.999, 0.000)  (-1.999, 0.000)
step= 1  t=0.500  (1.999, 0.000)  (1.999, 0.000)  (-1.999, 0.000)  (-1.999, 0.000)
step= 2  t=1.000  (1.999, 0.000)  (1.999, 0.000)  (-1.999, 0.000)  (-1.999, 0.000)
step= 3  t=1.500  (1.999, 0.000)  (1.999, 0.000)  (-1.999, 0.000)  (-1.999, 0.000)
step= 4  t=2.000  (1.999, 0.000)  (1.999, 0.000)  (-1.999, 0.000)  (-1.999, 0.000)
step= 5  t=2.500  (1.999, 0.000)  (1.999, 0.000)  (-1.999, 0.000)  (-1.999, 0.000)
step= 6  t=3.000  (1.999, 0.000)  (1.999, 0.000)  (-1.999, 0.000)  (-1.999, 0.000)
step= 7  t=3.500  (1.999, 0.000)  (1.999, 0.000)  (-1.999, 0.000)  (-1.999, 0.000)
step= 8  t=4.000  (1.999, 0.000)  (0.041, -0.016)  (-0.016, 0.003)  (-1.999, 0.000)
step= 9  t=4.500  (1.999, 0.000)  (0.482, 0.039)  (-0.454, 0.019)  (-1.999, 0.000)
step= 10  t=5.000  (1.999, 0.000)  (0.420, 0.060)  (-0.370, 0.027)  (-1.999, 0.000)
step= 11  t=5.500  (1.999, 0.000)  (0.434, 0.207)  (-0.293, 0.061)  (-1.999, 0.000)
step= 12  t=6.000  (1.999, 0.000)  (0.868, 0.822)  (-0.638, -0.714)  (-1.999, 0.000)
step= 13  t=6.500  (1.999, 0.000)  (1.974, 0.219)  (-1.986, -0.127)  (-2.000, 0.000)
step= 14  t=7.000  (1.999, 0.000)  (1.975, 0.222)  (-1.998, 0.072)  (-1.998, -0.036)
step= 15  t=7.500  (1.942, 0.351)  (1.972, 0.212)  (-1.934, -0.320)  (-1.997, -0.044)
step= 16  t=8.000  (1.946, 0.324)  (1.972, 0.173)  (-1.922, -0.353)  (-1.998, -0.035)
step= 17  t=8.500  (1.999, -0.029)  (1.980, -0.277)  (-1.994, -0.034)  (-2.000, 0.005)
step= 18  t=9.000  (1.954, 0.263)  (1.980, -0.277)  (-1.988, 0.219)  (-1.947, -0.334)
step= 19  t=9.500  (1.951, 0.261)  (1.980, -0.277)  (-1.987, 0.219)  (-1.936, -0.380)
step= 20  t=10.000  (1.998, -0.020)  (1.980, -0.277)  (-1.987, 0.219)  (-1.995, -0.140)
step= 21  t=10.500  (1.998, -0.060)  (1.980, -0.277)  (-1.988, 0.219)  (-1.999, 0.050)
step= 22  t=11.000  (1.998, -0.060)  (1.980, -0.277)  (-1.988, 0.219)  (-1.999, 0.050)
step= 23  t=11.500  (1.998, -0.060)  (1.980, -0.277)  (-1.988, 0.219)  (-1.999, 0.050)
step= 24  t=12.000  (1.998, -0.060)  (0.000, 0.000)  (-1.209, 0.130)  (-1.999, 0.050)
step= 25  t=12.500  (1.999, -0.060)  (0.000, 0.000)  (-0.854, 0.206)  (-1.999, 0.050)
step= 26  t=13.000  (1.999, -0.060)  (0.000, 0.000)  (-0.495, 0.705)  (-1.999, 0.050)
step= 27  t=13.500  (1.999, -0.060)  (0.000, 0.000)  (1.747, 0.535)  (-1.998, 0.050)
step= 28  t=14.000  (1.999, -0.060)  (0.000, 0.000)  (0.389, 0.303)  (-1.998, 0.050)
step= 29  t=14.500  (1.999, -0.060)  (0.000, 0.000)  (0.265, 0.045)  (-1.998, 0.050)
step= 30  t=15.000  (1.867, 0.488)  (0.000, 0.000)  (0.418, -0.897)  (-1.998, 0.050)
step= 31  t=15.500  (1.996, 0.123)  (0.000, 0.000)  (-0.737, -0.975)  (-1.999, 0.050)
step= 32  t=16.000  (1.994, -0.148)  (0.000, 0.000)  (0.000, 0.000)  (-1.999, 0.050)
step= 33  t=16.500  (1.994, -0.148)  (0.000, 0.000)  (0.000, 0.000)  (-1.999, 0.050)
step= 34  t=17.000  (1.994, -0.148)  (0.000, 0.000)  (0.000, 0.000)  (-1.999, 0.050)
step= 35  t=17.500  (1.994, -0.148)  (0.000, 0.000)  (0.000, 0.000)  (-1.999, 0.050)
step= 36  t=18.000  (1.994, -0.148)  (0.000, 0.000)  (0.000, 0.000)  (-1.999, 0.050)
step= 37  t=18.500  (1.994, -0.148)  (0.000, 0.000)  (0.000, 0.000)  (-1.999, 0.050)
step= 38  t=19.000  (1.994, -0.148)  (0.000, 0.000)  (0.000, 0.000)  (-1.999, 0.050)
step= 39  t=19.500  (1.994, -0.148)  (0.000, 0.000)  (0.000, 0.000)  (-1.999, 0.050)
step= 40  t=20.000  (0.421, -0.031)  (0.000, 0.000)  (0.000, 0.000)  (-0.163, 0.004)
