step= 0  t=0.000  (1.999, 0.000)  (1.999, 0.000)  (-1.999, 0.000)  (-1.999, 0.000)
step= 1  t=0.500  (1.999, 0.000)  (1.999, 0.000)  (-1.999, 0.000)  (-1.999, 0.000)
step= 2  t=1.000  (1.999, 0.000)  (1.999, 0.000)  (-1.999, 0.000)  (-1.999, 0.000)
step= 3  t=1.500  (1.999, 0.000)  (1.999, 0.000)  (-1.999, 0.000)  (-1.999, 0.000)
step= 4  t=2.000  (1.999, 0.000)  (1.999, 0.000)  (-1.999, 0.000)  (-1.999, 0.000)
step= 5  t=2.500  (1.999, 0.000)  (1.999, 0.000)  (-1.999, 0.000)  (-1.999, 0.000)
step= 6  t=3.000  (1.999, 0.000)  (1.999, 0.000)  (-1.999, 0.000)  (-1.999, 0.000)
step= 7  t=3.500  (1.999, 0.000)  (1.999, 0.000)  (-1.999, 0.000)  (-1.999, 0.000)
step= 8  t=4.000  (1.999, 0.000)  (1.397, -0.918)  (-1.397, 0.918)  (-1.999, 0.000)
step= 9  t=4.500  (1.999, 0.000)  (1.359, -0.893)  (-1.359, 0.893)  (-1.999, 0.000)
step= 10  t=5.000  (1.999, 0.000)  (1.314, -0.863)  (-1.314, 0.863)  (-1.999, 0.000)
step= 11  t=5.500  (1.999, 0.000)  (1.981, 0.266)  (-1.981, -0.266)  (-1.999, 0.000)
step= 12  t=6.000  (1.999, 0.000)  (1.981, 0.266)  (-1.981, -0.266)  (-1.999, 0.000)
step= 13  t=6.500  (1.863, -0.575)  (1.845, -0.309)  (-1.845, 0.309)  (-1.863, 0.575)
step= 14  t=7.000  (1.858, -0.574)  (1.817, -0.303)  (-1.817, 0.303)  (-1.858, 0.574)
step= 15  t=7.500  (1.853, -0.572)  (1.778, -0.293)  (-1.778, 0.293)  (-1.853, 0.572)
step= 16  t=8.000  (1.998, 0.071)  (1.920, 0.556)  (-1.920, -0.556)  (-1.998, -0.071)
step= 17  t=8.500  (1.998, 0.071)  (1.920, 0.555)  (-1.920, -0.556)  (-1.998, -0.071)
step= 18  t=9.000  (1.948, -0.282)  (1.920, 0.556)  (-1.920, -0.556)  (-1.948, 0.282)
step= 19  t=9.500  (1.945, -0.282)  (1.920, 0.556)  (-1.920, -0.556)  (-1.945, 0.282)
step= 20  t=10.000  (1.941, -0.281)  (1.920, 0.556)  (-1.920, -0.556)  (-1.941, 0.281)
step= 21  t=10.500  (1.995, 0.125)  (0.933, 0.270)  (-0.933, -0.270)  (-1.995, -0.125)
step= 22  t=11.000  (1.995, 0.125)  (0.000, 0.000)  (0.000, 0.000)  (-1.995, -0.125)
step= 23  t=11.500  (1.995, 0.125)  (0.000, 0.000)  (0.000, 0.000)  (-1.995, -0.125)
step= 24  t=12.000  (1.995, 0.125)  (0.000, 0.000)  (0.000, 0.000)  (-1.995, -0.125)
step= 25  t=12.500  (1.995, 0.125)  (0.000, 0.000)  (0.000, 0.000)  (-1.995, -0.125)
step= 26  t=13.000  (1.947, 0.067)  (0.000, 0.000)  (0.000, 0.000)  (-1.947, -0.067)
step= 27  t=13.500  (1.911, -0.052)  (0.000, 0.000)  (0.000, 0.000)  (-1.911, 0.052)
step= 28  t=14.000  (1.749, -0.158)  (0.000, 0.000)  (0.000, 0.000)  (-1.749, 0.158)
step= 29  t=14.500  (1.321, -0.553)  (0.000, 0.000)  (0.000, 0.000)  (-1.321, 0.553)
step= 30  t=15.000  (1.476, -1.061)  (0.000, 0.000)  (0.000, 0.000)  (-1.476, 1.061)
step= 31  t=15.500  (1.838, -0.789)  (0.000, 0.000)  (0.000, 0.000)  (-1.838, 0.789)
step= 32  t=16.000  (1.994, 0.153)  (0.000, 0.000)  (0.000, 0.000)  (-1.994, -0.153)
step= 33  t=16.500  (1.937, 0.495)  (0.000, 0.000)  (0.000, 0.000)  (-1.937, -0.495)
step= 34  t=17.000  (1.937, 0.495)  (0.000, 0.000)  (0.000, 0.000)  (-1.937, -0.495)
step= 35  t=17.500  (1.937, 0.495)  (0.000, 0.000)  (0.000, 0.000)  (-1.937, -0.495)
step= 36  t=18.000  (1.937, 0.495)  (0.000, 0.000)  (0.000, 0.000)  (-1.937, -0.495)
step= 37  t=18.500  (1.937, 0.495)  (0.000, 0.000)  (0.000, 0.000)  (-1.937, -0.495)
step= 38  t=19.000  (1.937, 0.495)  (0.000, 0.000)  (0.000, 0.000)  (-1.937, -0.495)
step= 39  t=19.500  (1.937, 0.495)  (0.000, 0.000)  (0.000, 0.000)  (-1.937, -0.495)
step= 40  t=20.000  (1.937, 0.495)  (0.000, 0.000)  (0.000, 0.000)  (-1.937, -0.495)
step= 41  t=20.500  (0.902, 0.231)  (0.000, 0.000)  (0.000, 0.000)  (-0.902, -0.231)
