step= 0  t=0.000  (-1.999, 0.000)  (-1.414, -1.414)  (-0.000, -1.999)  (1.414, -1.414)  (1.999, -0.000)  (1.414, 1.414)  (0.000, 1.999)  (-1.414, 1.414)
step= 1  t=1.000  (-1.999, 0.000)  (-1.414, -1.414)  (-0.000, -1.999)  (1.414, -1.414)  (1.999, -0.000)  (1.414, 1.414)  (0.000, 1.999)  (-1.414, 1.414)
step= 2  t=2.000  (-1.999, 0.000)  (-1.414, -1.414)  (-0.000, -1.999)  (1.414, -1.414)  (1.999, -0.000)  (1.414, 1.414)  (0.000, 1.999)  (-1.414, 1.414)
step= 3  t=3.000  (-1.999, 0.000)  (-1.414, -1.414)  (-0.000, -1.999)  (1.414, -1.414)  (1.999, -0.000)  (1.414, 1.414)  (0.000, 1.999)  (-1.414, 1.414)
step= 4  t=4.000  (-1.999, 0.000)  (-1.414, -1.414)  (-0.000, -1.999)  (1.414, -1.414)  (1.999, -0.000)  (1.414, 1.414)  (0.000, 1.999)  (-1.414, 1.414)
step= 5  t=5.000  (-1.999, 0.000)  (-1.414, -1.414)  (-0.000, -1.999)  (1.414, -1.414)  (1.999, -0.000)  (1.414, 1.414)  (0.000, 1.999)  (-1.414, 1.414)
step= 6  t=6.000  (-1.999, 0.000)  (-1.414, -1.414)  (-0.000, -1.999)  (1.414, -1.414)  (1.999, -0.000)  (1.414, 1.414)  (0.000, 1.999)  (-1.414, 1.414)
step= 7  t=7.000  (-1.999, 0.000)  (-1.414, -1.414)  (-0.000, -1.999)  (1.414, -1.414)  (1.999, -0.000)  (1.414, 1.414)  (0.000, 1.999)  (-1.414, 1.414)
step= 8  t=8.000  (-1.999, 0.000)  (-1.414, -1.414)  (-0.000, -1.999)  (1.414, -1.414)  (1.999, -0.000)  (1.414, 1.414)  (0.000, 1.999)  (-1.414, 1.414)
step= 9  t=9.000  (-1.999, 0.000)  (-1.414, -1.414)  (-0.000, -1.999)  (1.414, -1.414)  (1.999, -0.000)  (1.414, 1.414)  (0.000, 1.999)  (-1.414, 1.414)
step= 10  t=10.000  (-1.999, 0.000)  (-1.414, -1.414)  (-0.000, -1.999)  (1.414, -1.414)  (1.999, -0.000)  (1.414, 1.414)  (0.000, 1.999)  (-1.414, 1.414)
step= 11  t=11.000  (-1.999, 0.000)  (-1.414, -1.414)  (-0.000, -1.999)  (1.414, -1.414)  (1.999, -0.000)  (1.414, 1.414)  (0.000, 1.999)  (-1.414, 1.414)
step= 12  t=12.000  (-1.999, 0.000)  (-1.414, -1.414)  (-0.000, -1.999)  (1.414, -1.414)  (1.999, -0.000)  (1.414, 1.414)  (0.000, 1.999)  (-1.414, 1.414)
step= 13  t=13.000  (-1.999, 0.000)  (-1.414, -1.414)  (-0.000, -1.999)  (1.414, -1.414)  (1.999, -0.000)  (1.414, 1.414)  (0.000, 1.999)  (-1.414, 1.414)
step= 14  t=14.000  (-1.999, -0.000)  (-1.414, -1.414)  (-0.000, -1.999)  (1.414, -1.414)  (1.999, 0.000)  (1.414, 1.414)  (0.000, 1.999)  (-1.414, 1.414)
step= 15  t=15.000  (-1.727, -1.008)  (-1.129, -1.129)  (0.000, -2.000)  (1.934, -0.508)  (1.727, 1.008)  (1.129, 1.129)  (1.008, 1.727)  (-1.414, 1.414)
step= 16  t=16.000  (-1.458, -0.487)  (-1.048, -0.939)  (-0.000, -2.000)  (1.934, -0.256)  (1.665, 0.446)  (1.414, 1.414)  (0.487, 1.458)  (-1.414, 1.414)
step= 17  t=17.000  (-0.881, -0.616)  (-0.858, -0.918)  (-0.032, -2.000)  (1.481, -0.307)  (1.247, 0.180)  (1.360, 1.268)  (-0.393, 1.052)  (-1.286, 1.532)
step= 18  t=18.000  (-0.786, -0.365)  (-0.675, -1.109)  (0.005, -2.000)  (1.673, -0.392)  (-1.034, 1.712)  (1.103, 1.320)  (-0.923, 1.034)  (-1.098, 1.672)
step= 19  t=19.000  (-0.583, -0.501)  (-0.250, -0.599)  (-0.016, -1.069)  (1.585, -0.738)  (-0.381, 1.252)  (0.431, 1.219)  (-1.320, 1.404)  (-0.762, 1.444)
step= 20  t=20.000  (-0.332, -0.564)  (-0.316, -1.024)  (0.246, -0.887)  (1.489, -0.680)  (0.049, 0.860)  (-0.216, 1.268)  (-1.170, 1.503)  (-0.869, 1.801)
step= 21  t=21.000  (-1.115, -1.240)  (-0.820, -0.510)  (-0.534, -0.969)  (1.366, -1.460)  (-0.051, 0.766)  (0.396, 1.165)  (-0.736, 1.146)  (-0.730, 1.862)
step= 22  t=22.000  (-1.856, -0.745)  (-1.370, -0.854)  (0.019, -1.463)  (1.220, -1.584)  (0.573, 0.295)  (1.491, 1.332)  (-0.051, 1.514)  (-0.772, 1.845)
step= 23  t=23.000  (-1.815, -0.840)  (-1.491, -1.197)  (0.274, -1.530)  (1.220, -1.584)  (0.342, -0.591)  (1.491, 1.332)  (0.259, 1.983)  (-0.907, 1.782)
step= 24  t=24.000  (-1.751, -0.966)  (-1.313, -1.200)  (0.119, -1.898)  (1.220, -1.583)  (0.516, -0.702)  (1.491, 1.332)  (0.152, 1.993)  (-1.570, 1.238)
step= 25  t=25.000  (-1.981, -0.276)  (-1.419, -1.408)  (-0.005, -1.999)  (1.220, -1.583)  (1.069, -0.834)  (1.491, 1.332)  (0.152, 1.994)  (-1.569, 1.238)
step= 26  t=26.000  (-1.863, -0.727)  (-1.285, -1.356)  (-0.005, -1.999)  (1.220, -1.584)  (1.989, -0.197)  (1.491, 1.332)  (0.152, 1.993)  (-1.569, 1.238)
step= 27  t=27.000  (-1.982, -0.266)  (-1.282, -1.370)  (-0.005, -1.999)  (1.220, -1.584)  (1.989, -0.197)  (1.491, 1.332)  (0.152, 1.993)  (-1.569, 1.238)
step= 28  t=28.000  (-1.930, 0.521)  (-1.416, -1.402)  (-0.005, -1.999)  (1.220, -1.584)  (1.989, -0.197)  (1.491, 1.332)  (0.152, 1.993)  (-1.569, 1.238)
step= 29  t=29.000  (-1.930, 0.521)  (-1.425, -1.402)  (-0.005, -1.999)  (1.220, -1.584)  (1.989, -0.197)  (1.491, 1.332)  (0.152, 1.993)  (-1.569, 1.238)
step= 30  t=30.000  (-1.930, 0.521)  (-1.425, -1.402)  (-0.005, -1.999)  (1.220, -1.584)  (1.989, -0.197)  (1.491, 1.332)  (0.152, 1.993)  (-1.569, 1.238)
step= 31  t=31.000  (-1.930, 0.521)  (-1.425, -1.402)  (-0.005, -1.999)  (1.220, -1.584)  (1.989, -0.197)  (1.491, 1.332)  (0.152, 1.993)  (-1.570, 1.238)
step= 32  t=32.000  (-1.930, 0.521)  (-1.425, -1.402)  (-0.005, -1.999)  (1.220, -1.584)  (1.989, -0.197)  (1.491, 1.332)  (0.152, 1.993)  (-1.570, 1.238)
step= 33  t=33.000  (-1.930, 0.521)  (-1.425, -1.402)  (-0.005, -1.999)  (1.220, -1.584)  (1.989, -0.197)  (1.491, 1.332)  (0.152, 1.993)  (-1.570, 1.238)
step= 34  t=34.000  (-1.930, 0.521)  (-1.425, -1.402)  (-0.005, -1.999)  (1.220, -1.584)  (1.989, -0.197)  (1.491, 1.332)  (0.152, 1.993)  (-1.570, 1.238)
step= 35  t=35.000  (-1.930, 0.521)  (-1.425, -1.402)  (-0.005, -1.999)  (1.220, -1.584)  (1.989, -0.197)  (1.491, 1.332)  (0.152, 1.993)  (-1.570, 1.238)
step= 36  t=36.000  (-1.930, 0.521)  (-1.425, -1.402)  (-0.005, -1.999)  (1.220, -1.584)  (1.989, -0.197)  (1.491, 1.332)  (0.152, 1.993)  (-1.570, 1.238)
step= 37  t=37.000  (-1.930, 0.521)  (-1.425, -1.402)  (-0.005, -1.999)  (1.220, -1.584)  (1.989, -0.197)  (1.491, 1.332)  (0.152, 1.993)  (-1.570, 1.238)
step= 38  t=38.000  (-1.930, 0.521)  (-1.425, -1.402)  (-0.005, -1.999)  (1.220, -1.584)  (1.989, -0.197)  (1.491, 1.332)  (0.152, 1.993)  (-1.570, 1.238)
step= 39  t=39.000  (-1.930, 0.521)  (-1.425, -1.402)  (-0.005, -1.999)  (1.220, -1.584)  (1.989, -0.197)  (1.491, 1.332)  (0.152, 1.993)  (-1.570, 1.238)
step= 40  t=40.000  (-1.930, 0.521)  (-1.425, -1.402)  (-0.005, -1.999)  (1.220, -1.584)  (1.989, -0.197)  (1.491, 1.332)  (0.152, 1.993)  (-0.999, 0.788)
step= 41  t=41.000  (-1.930, 0.521)  (-1.425, -1.402)  (-0.005, -1.999)  (0.719, -0.933)  (1.989, -0.197)  (1.424, 1.273)  (0.152, 1.993)  (0.000, 0.000)
step= 42  t=42.000  (-1.930, 0.521)  (-1.425, -1.402)  (-0.001, -0.212)  (0.000, 0.000)  (1.989, -0.197)  (0.000, 0.000)  (0.100, 1.311)  (0.000, 0.000)
step= 43  t=43.000  (-1.930, 0.521)  (-0.738, -0.726)  (0.000, 0.000)  (0.000, 0.000)  (1.989, -0.197)  (0.000, 0.000)  (0.000, 0.000)  (0.000, 0.000)
step= 44  t=44.000  (-1.000, 0.270)  (0.000, 0.000)  (0.000, 0.000)  (0.000, 0.000)  (1.989, -0.197)  (0.000, 0.000)  (0.000, 0.000)  (0.000, 0.000)
step= 45  t=45.000  (0.000, 0.000)  (0.000, 0.000)  (0.000, 0.000)  (0.000, 0.000)  (1.989, -0.197)  (0.000, 0.000)  (0.000, 0.000)  (0.000, 0.000)
step= 46  t=46.000  (0.000, 0.000)  (0.000, 0.000)  (0.000, 0.000)  (0.000, 0.000)  (1.989, -0.197)  (0.000, 0.000)  (0.000, 0.000)  (0.000, 0.000)
step= 47  t=47.000  (0.000, 0.000)  (0.000, 0.000)  (0.000, 0.000)  (0.000, 0.000)  (1.989, -0.197)  (0.000, 0.000)  (0.000, 0.000)  (0.000, 0.000)
step= 48  t=48.000  (0.000, 0.000)  (0.000, 0.000)  (0.000, 0.000)  (0.000, 0.000)  (0.523, -0.052)  (0.000, 0.000)  (0.000, 0.000)  (0.000, 0.000)
