Simulation has 8 agents and 0 obstacle vertices in it.
Running simulation
step= 0  t=0.000  (40.000, 0.000)  (28.284, 28.284)  (0.000, 40.000)  (-28.284, 28.284)  (-40.000, 0.000)  (-28.284, -28.284)  (-0.000, -40.000)  (28.284, -28.284)
step= 1  t=1.000  (38.001, 0.000)  (26.871, 26.871)  (0.000, 38.001)  (-26.871, 26.871)  (-38.001, 0.000)  (-26.871, -26.871)  (-0.000, -38.001)  (26.871, -26.871)
step= 2  t=2.000  (36.002, 0.000)  (25.457, 25.457)  (0.000, 36.002)  (-25.457, 25.457)  (-36.002, 0.000)  (-25.457, -25.457)  (-0.000, -36.002)  (25.457, -25.457)
step= 3  t=3.000  (34.002, 0.000)  (24.043, 24.043)  (0.000, 34.002)  (-24.043, 24.043)  (-34.002, 0.000)  (-24.043, -24.043)  (-0.000, -34.002)  (24.043, -24.043)
step= 4  t=4.000  (32.003, 0.000)  (22.630, 22.630)  (0.000, 32.003)  (-22.630, 22.630)  (-32.003, 0.000)  (-22.630, -22.630)  (-0.000, -32.003)  (22.630, -22.630)
step= 5  t=5.000  (30.004, 0.000)  (21.216, 21.216)  (0.000, 30.004)  (-21.216, 21.216)  (-30.004, 0.000)  (-21.216, -21.216)  (-0.000, -30.004)  (21.216, -21.216)
step= 6  t=6.000  (28.005, 0.000)  (19.802, 19.802)  (0.000, 28.005)  (-19.802, 19.802)  (-28.005, 0.000)  (-19.802, -19.802)  (-0.000, -28.005)  (19.802, -19.802)
step= 7  t=7.000  (26.006, 0.000)  (18.389, 18.389)  (0.000, 26.006)  (-18.389, 18.389)  (-26.006, 0.000)  (-18.389, -18.389)  (-0.000, -26.006)  (18.389, -18.389)
step= 8  t=8.000  (24.006, 0.000)  (16.975, 16.975)  (0.000, 24.006)  (-16.975, 16.975)  (-24.006, 0.000)  (-16.975, -16.975)  (-0.000, -24.006)  (16.975, -16.975)
step= 9  t=9.000  (22.007, 0.000)  (15.561, 15.561)  (0.000, 22.007)  (-15.561, 15.561)  (-22.007, 0.000)  (-15.561, -15.561)  (-0.000, -22.007)  (15.561, -15.561)
step= 10  t=10.000  (20.008, 0.000)  (14.148, 14.148)  (0.000, 20.008)  (-14.148, 14.148)  (-20.008, 0.000)  (-14.148, -14.148)  (-0.000, -20.008)  (14.148, -14.148)
step= 11  t=11.000  (18.009, 0.000)  (12.734, 12.734)  (0.000, 18.009)  (-12.734, 12.734)  (-18.009, 0.000)  (-12.734, -12.734)  (-0.000, -18.009)  (12.734, -12.734)
step= 12  t=12.000  (16.009, 0.000)  (11.320, 11.320)  (0.000, 16.009)  (-11.320, 11.320)  (-16.009, 0.000)  (-11.320, -11.320)  (-0.000, -16.009)  (11.320, -11.320)
step= 13  t=13.000  (14.010, 0.000)  (9.907, 9.907)  (0.000, 14.010)  (-9.907, 9.907)  (-14.010, 0.000)  (-9.907, -9.907)  (-0.000, -14.010)  (9.907, -9.907)
step= 14  t=14.000  (12.011, 0.000)  (8.493, 8.493)  (0.000, 12.011)  (-8.493, 8.493)  (-12.011, 0.000)  (-8.493, -8.493)  (-0.000, -12.011)  (8.493, -8.493)
step= 15  t=15.000  (10.020, 0.022)  (7.104, 7.066)  (0.042, 10.026)  (-7.105, 7.069)  (-10.017, 0.019)  (-7.118, -7.090)  (0.017, -10.022)  (7.941, -7.309)
step= 16  t=16.000  (8.196, -0.366)  (5.732, 5.638)  (0.091, 8.041)  (-5.716, 5.656)  (-8.025, 0.025)  (-5.841, -5.856)  (0.367, -8.172)  (7.094, -6.136)
step= 17  t=17.000  (6.426, -0.893)  (4.427, 4.187)  (0.796, 6.326)  (-4.303, 4.279)  (-6.055, -0.013)  (-4.691, -4.654)  (0.649, -6.192)  (6.139, -5.096)
step= 18  t=18.000  (4.580, -1.662)  (3.238, 2.731)  (1.704, 4.688)  (-2.803, 3.118)  (-4.136, -0.160)  (-3.677, -3.480)  (0.933, -4.212)  (5.286, -4.071)
step= 19  t=19.000  (2.899, -2.279)  (2.172, 1.328)  (2.924, 3.195)  (-1.284, 1.981)  (-3.132, 0.927)  (-2.965, -2.210)  (1.204, -2.400)  (4.455, -3.230)
step= 20  t=20.000  (0.949, -2.726)  (0.816, -0.143)  (4.149, 1.614)  (-0.414, 3.602)  (-2.479, 2.346)  (-2.180, -0.908)  (2.054, -0.821)  (3.440, -2.721)
step= 21  t=21.000  (-0.868, -3.562)  (-0.279, -1.498)  (5.169, -0.106)  (0.479, 4.959)  (-1.608, 3.728)  (-1.494, 0.537)  (2.649, 0.843)  (2.029, -1.877)
step= 22  t=22.000  (-2.680, -4.408)  (-1.565, -2.672)  (4.912, -2.089)  (1.390, 6.326)  (-0.677, 5.057)  (-0.491, 1.676)  (3.238, 2.484)  (0.593, -0.626)
step= 23  t=23.000  (-4.556, -5.102)  (-2.856, -3.913)  (4.655, -4.072)  (2.491, 7.696)  (0.168, 6.198)  (0.906, 2.830)  (3.883, 4.065)  (-0.820, 0.789)
step= 24  t=24.000  (-6.550, -4.950)  (-4.246, -5.278)  (4.398, -6.055)  (4.165, 8.790)  (0.996, 6.892)  (2.333, 4.060)  (4.537, 5.667)  (-2.234, 2.203)
step= 25  t=25.000  (-8.528, -4.657)  (-5.691, -6.661)  (4.141, -8.038)  (6.018, 9.542)  (1.841, 6.833)  (3.791, 5.403)  (4.655, 7.664)  (-3.647, 3.618)
step= 26  t=26.000  (-10.506, -4.365)  (-7.136, -8.043)  (3.884, -10.021)  (7.941, 8.991)  (2.955, 6.512)  (5.252, 6.768)  (4.370, 9.643)  (-5.060, 5.033)
step= 27  t=27.000  (-12.484, -4.072)  (-8.580, -9.426)  (3.627, -12.004)  (9.322, 7.544)  (4.738, 6.144)  (6.713, 8.133)  (4.085, 11.622)  (-6.473, 6.448)
step= 28  t=28.000  (-14.462, -3.779)  (-10.025, -10.808)  (3.370, -13.987)  (10.257, 5.777)  (6.708, 5.801)  (8.175, 9.499)  (3.800, 13.602)  (-7.886, 7.862)
step= 29  t=29.000  (-16.440, -3.487)  (-11.469, -12.191)  (3.114, -15.969)  (11.193, 4.010)  (8.678, 5.458)  (9.636, 10.863)  (3.515, 15.581)  (-9.299, 9.277)
step= 30  t=30.000  (-18.418, -3.194)  (-12.914, -13.573)  (2.857, -17.952)  (12.128, 2.243)  (10.648, 5.114)  (11.097, 12.228)  (3.230, 17.560)  (-10.711, 10.691)
step= 31  t=31.000  (-20.395, -2.901)  (-14.358, -14.956)  (2.600, -19.934)  (13.063, 0.475)  (12.618, 4.771)  (12.558, 13.593)  (2.945, 19.539)  (-12.124, 12.106)
step= 32  t=32.000  (-22.373, -2.609)  (-15.802, -16.338)  (2.343, -21.917)  (13.999, -1.292)  (14.588, 4.428)  (14.019, 14.958)  (2.660, 21.518)  (-13.537, 13.520)
step= 33  t=33.000  (-24.351, -2.316)  (-17.246, -17.720)  (2.086, -23.900)  (14.934, -3.059)  (16.558, 4.085)  (15.480, 16.323)  (2.376, 23.497)  (-14.950, 14.934)
step= 34  t=34.000  (-26.328, -2.023)  (-18.691, -19.103)  (1.829, -25.882)  (15.869, -4.827)  (18.527, 3.741)  (16.941, 17.688)  (2.091, 25.475)  (-16.363, 16.349)
step= 35  t=35.000  (-28.306, -1.731)  (-20.135, -20.485)  (1.572, -27.865)  (16.805, -6.594)  (20.497, 3.398)  (18.402, 19.053)  (1.806, 27.454)  (-17.776, 17.763)
step= 36  t=36.000  (-30.284, -1.438)  (-21.579, -21.867)  (1.315, -29.848)  (17.740, -8.361)  (22.467, 3.055)  (19.863, 20.417)  (1.521, 29.433)  (-19.188, 19.178)
step= 37  t=37.000  (-32.261, -1.145)  (-23.024, -23.250)  (1.059, -31.830)  (18.675, -10.128)  (24.436, 2.712)  (21.324, 21.782)  (1.236, 31.412)  (-20.601, 20.592)
step= 38  t=38.000  (-34.239, -0.853)  (-24.468, -24.632)  (0.802, -33.813)  (19.610, -11.895)  (26.406, 2.369)  (22.785, 23.147)  (0.951, 33.391)  (-22.014, 22.007)
step= 39  t=39.000  (-36.217, -0.560)  (-25.912, -26.014)  (0.545, -35.796)  (20.545, -13.662)  (28.375, 2.025)  (24.246, 24.512)  (0.667, 35.369)  (-23.427, 23.421)
step= 40  t=40.000  (-38.194, -0.267)  (-27.357, -27.396)  (0.288, -37.778)  (21.481, -15.429)  (30.345, 1.682)  (25.707, 25.876)  (0.382, 37.348)  (-24.840, 24.836)
step= 41  t=41.000  (-40.000, -0.000)  (-28.284, -28.284)  (0.031, -39.761)  (22.416, -17.196)  (32.315, 1.339)  (27.168, 27.241)  (0.097, 39.327)  (-26.253, 26.250)
step= 42  t=42.000  (-40.000, -0.000)  (-28.284, -28.284)  (-0.000, -40.000)  (23.351, -18.963)  (34.284, 0.996)  (28.284, 28.284)  (0.000, 40.000)  (-27.665, 27.665)
step= 43  t=43.000  (-40.000, -0.000)  (-28.284, -28.284)  (-0.000, -40.000)  (24.286, -20.730)  (36.254, 0.653)  (28.284, 28.284)  (0.000, 40.000)  (-28.284, 28.284)
step= 44  t=44.000  (-40.000, -0.000)  (-28.284, -28.284)  (-0.000, -40.000)  (25.221, -22.497)  (38.223, 0.310)  (28.284, 28.284)  (0.000, 40.000)  (-28.284, 28.284)
step= 45  t=45.000  (-40.000, -0.000)  (-28.284, -28.284)  (-0.000, -40.000)  (26.156, -24.264)  (40.000, -0.000)  (28.284, 28.284)  (0.000, 40.000)  (-28.284, 28.284)
step= 46  t=46.000  (-40.000, -0.000)  (-28.284, -28.284)  (-0.000, -40.000)  (27.092, -26.031)  (40.000, -0.000)  (28.284, 28.284)  (0.000, 40.000)  (-28.284, 28.284)
step= 47  t=47.000  (-40.000, -0.000)  (-28.284, -28.284)  (-0.000, -40.000)  (28.027, -27.798)  (40.000, -0.000)  (28.284, 28.284)  (0.000, 40.000)  (-28.284, 28.284)
step= 48  t=48.000  (-40.000, -0.000)  (-28.284, -28.284)  (-0.000, -40.000)  (28.284, -28.284)  (40.000, -0.000)  (28.284, 28.284)  (0.000, 40.000)  (-28.284, 28.284)
