step= 0  t=0.000  (-1.999, 0.000)  (-1.414, -1.414)  (-0.000, -1.999)  (1.414, -1.414)  (1.999, -0.000)  (1.414, 1.414)  (0.000, 1.999)  (-1.414, 1.414)
step= 1  t=1.000  (-1.999, 0.000)  (-1.414, -1.414)  (-0.000, -1.999)  (1.414, -1.414)  (1.999, -0.000)  (1.414, 1.414)  (0.000, 1.999)  (-1.414, 1.414)
step= 2  t=2.000  (-1.999, 0.000)  (-1.414, -1.414)  (-0.000, -1.999)  (1.414, -1.414)  (1.999, -0.000)  (1.414, 1.414)  (0.000, 1.999)  (-1.414, 1.414)
step= 3  t=3.000  (-1.999, 0.000)  (-1.414, -1.414)  (-0.000, -1.999)  (1.414, -1.414)  (1.999, -0.000)  (1.414, 1.414)  (0.000, 1.999)  (-1.414, 1.414)
step= 4  t=4.000  (-1.999, 0.000)  (-1.414, -1.414)  (-0.000, -1.999)  (1.414, -1.414)  (1.999, -0.000)  (1.414, 1.414)  (0.000, 1.999)  (-1.414, 1.414)
step= 5  t=5.000  (-1.999, 0.000)  (-1.414, -1.414)  (-0.000, -1.999)  (1.414, -1.414)  (1.999, -0.000)  (1.414, 1.414)  (0.000, 1.999)  (-1.414, 1.414)
step= 6  t=6.000  (-1.999, 0.000)  (-1.414, -1.414)  (-0.000, -1.999)  (1.414, -1.414)  (1.999, -0.000)  (1.414, 1.414)  (0.000, 1.999)  (-1.414, 1.414)
step= 7  t=7.000  (-1.999, 0.000)  (-1.414, -1.414)  (-0.000, -1.999)  (1.414, -1.414)  (1.999, -0.000)  (1.414, 1.414)  (0.000, 1.999)  (-1.414, 1.414)
step= 8  t=8.000  (-1.999, 0.000)  (-1.414, -1.414)  (-0.000, -1.999)  (1.414, -1.414)  (1.999, -0.000)  (1.414, 1.414)  (0.000, 1.999)  (-1.414, 1.414)
step= 9  t=9.000  (-1.999, 0.000)  (-1.414, -1.414)  (-0.000, -1.999)  (1.414, -1.414)  (1.999, -0.000)  (1.414, 1.414)  (0.000, 1.999)  (-1.414, 1.414)
step= 10  t=10.000  (-1.999, 0.000)  (-1.414, -1.414)  (-0.000, -1.999)  (1.414, -1.414)  (1.999, -0.000)  (1.414, 1.414)  (0.000, 1.999)  (-1.414, 1.414)
step= 11  t=11.000  (-1.999, 0.000)  (-1.414, -1.414)  (-0.000, -1.999)  (1.414, -1.414)  (1.999, -0.000)  (1.414, 1.414)  (0.000, 1.999)  (-1.414, 1.414)
step= 12  t=12.000  (-1.999, 0.000)  (-1.414, -1.414)  (-0.000, -1.999)  (1.414, -1.414)  (1.999, -0.000)  (1.414, 1.414)  (0.000, 1.999)  (-1.414, 1.414)
step= 13  t=13.000  (-1.999, 0.000)  (-1.414, -1.414)  (-0.000, -1.999)  (1.414, -1.414)  (1.999, -0.000)  (1.414, 1.414)  (0.000, 1.999)  (-1.414, 1.414)
step= 14  t=14.000  (-1.991, 0.022)  (-1.412, -1.417)  (-0.010, -1.997)  (1.408, -1.417)  (1.999, 0.007)  (1.423, 1.394)  (-0.009, 1.999)  (-1.407, 1.409)
step= 15  t=15.000  (-1.989, 0.022)  (-1.409, -1.418)  (-0.026, -1.991)  (1.404, -1.422)  (1.997, -0.006)  (1.425, 1.386)  (-0.002, 1.994)  (-1.396, 1.411)
step= 16  t=16.000  (-1.987, 0.004)  (-1.408, -1.413)  (-0.030, -1.992)  (1.393, -1.420)  (1.992, -0.019)  (1.427, 1.375)  (0.004, 1.987)  (-1.376, 1.415)
step= 17  t=17.000  (-1.986, 0.009)  (-1.409, -1.412)  (-0.034, -1.992)  (1.381, -1.425)  (1.981, -0.022)  (1.428, 1.367)  (0.022, 1.975)  (-1.371, 1.417)
step= 18  t=18.000  (-1.981, -0.001)  (-1.415, -1.394)  (-0.027, -1.986)  (1.367, -1.428)  (-0.796, -1.835)  (1.423, 1.377)  (0.036, 1.974)  (-1.364, 1.419)
step= 19  t=19.000  (-1.994, 0.013)  (-1.417, -1.374)  (-0.013, -2.000)  (1.374, -1.436)  (-0.154, -1.787)  (0.375, -0.802)  (0.040, 1.971)  (1.773, 0.926)
step= 20  t=20.000  (-1.969, 0.352)  (-1.441, -1.387)  (-0.014, -1.806)  (1.613, -1.182)  (0.024, -1.359)  (-0.088, -1.023)  (-0.005, 2.000)  (0.535, 0.760)
step= 21  t=21.000  (-2.000, -0.022)  (-1.411, -1.417)  (0.376, -1.677)  (1.408, -1.419)  (0.224, -1.280)  (-0.470, -1.055)  (-0.005, 2.000)  (-0.938, 0.565)
step= 22  t=22.000  (-2.000, -0.022)  (-1.411, -1.417)  (0.163, -1.946)  (1.408, -1.419)  (0.519, -1.239)  (-0.373, -0.445)  (-0.005, 2.000)  (-1.502, 1.320)
step= 23  t=23.000  (-2.000, -0.022)  (-1.412, -1.417)  (-0.014, -2.000)  (1.408, -1.419)  (0.919, -0.700)  (1.401, 1.128)  (-0.005, 2.000)  (-1.502, 1.320)
step= 24  t=24.000  (-2.000, -0.022)  (-1.411, -1.417)  (-0.023, -2.000)  (1.409, -1.420)  (1.826, 0.205)  (1.336, 1.488)  (-0.005, 2.000)  (-1.502, 1.320)
step= 25  t=25.000  (-2.000, -0.022)  (-1.411, -1.416)  (-0.023, -2.000)  (1.409, -1.420)  (1.963, 0.380)  (1.336, 1.488)  (-0.005, 2.000)  (-1.502, 1.320)
step= 26  t=26.000  (-1.999, -0.022)  (-1.411, -1.416)  (-0.023, -2.000)  (1.408, -1.419)  (1.963, 0.380)  (1.336, 1.488)  (-0.005, 2.000)  (-1.502, 1.320)
step= 27  t=27.000  (-1.999, -0.022)  (-1.411, -1.416)  (-0.023, -1.999)  (1.409, -1.420)  (1.963, 0.380)  (1.336, 1.488)  (-0.005, 2.000)  (-1.502, 1.320)
step= 28  t=28.000  (-1.999, -0.022)  (-1.411, -1.416)  (-0.023, -1.999)  (1.409, -1.420)  (1.963, 0.380)  (1.336, 1.488)  (-0.005, 2.000)  (-1.502, 1.320)
step= 29  t=29.000  (-1.999, -0.022)  (-1.411, -1.416)  (-0.023, -1.999)  (1.408, -1.420)  (1.963, 0.380)  (1.336, 1.487)  (-0.005, 1.999)  (-1.502, 1.320)
step= 30  t=30.000  (-1.999, -0.022)  (-1.411, -1.416)  (-0.023, -1.999)  (1.408, -1.419)  (1.963, 0.380)  (1.336, 1.487)  (-0.005, 1.999)  (-1.502, 1.320)
step= 31  t=31.000  (-1.999, -0.022)  (-1.411, -1.416)  (-0.023, -1.999)  (1.408, -1.419)  (1.963, 0.380)  (1.336, 1.487)  (-0.005, 1.999)  (-1.502, 1.320)
step= 32  t=32.000  (-1.999, -0.022)  (-1.411, -1.416)  (-0.023, -1.999)  (1.408, -1.419)  (1.963, 0.380)  (1.336, 1.487)  (-0.005, 1.999)  (-1.502, 1.320)
step= 33  t=33.000  (-1.999, -0.022)  (-1.411, -1.416)  (-0.023, -1.999)  (1.408, -1.419)  (1.963, 0.380)  (1.336, 1.487)  (-0.005, 1.999)  (-1.502, 1.320)
step= 34  t=34.000  (-1.999, -0.022)  (-1.411, -1.416)  (-0.023, -1.999)  (1.408, -1.419)  (1.963, 0.380)  (1.336, 1.487)  (-0.005, 1.999)  (-1.502, 1.320)
step= 35  t=35.000  (-1.999, -0.022)  (-1.411, -1.416)  (-0.023, -1.999)  (1.408, -1.419)  (1.963, 0.380)  (1.336, 1.487)  (-0.005, 1.999)  (-1.502, 1.320)
step= 36  t=36.000  (-1.999, -0.022)  (-1.411, -1.416)  (-0.023, -1.999)  (1.408, -1.419)  (1.963, 0.380)  (1.336, 1.487)  (-0.005, 1.999)  (-1.502, 1.320)
step= 37  t=37.000  (-1.999, -0.022)  (-1.411, -1.416)  (-0.023, -1.999)  (1.408, -1.419)  (1.963, 0.380)  (1.336, 1.487)  (-0.005, 1.999)  (-1.502, 1.320)
step= 38  t=38.000  (-1.999, -0.022)  (-1.411, -1.416)  (-0.023, -1.999)  (1.408, -1.419)  (1.963, 0.380)  (1.336, 1.487)  (-0.005, 1.999)  (-1.502, 1.320)
step= 39  t=39.000  (-1.999, -0.022)  (-1.411, -1.416)  (-0.023, -1.999)  (1.408, -1.419)  (1.963, 0.380)  (1.336, 1.487)  (-0.005, 1.999)  (-1.502, 1.320)
step= 40  t=40.000  (-0.130, -0.001)  (-0.053, -0.053)  (-0.007, -0.635)  (0.079, -0.079)  (1.963, 0.380)  (1.336, 1.487)  (-0.000, 0.123)  (-1.502, 1.320)
step= 41  t=41.000  (0.000, 0.000)  (0.000, 0.000)  (0.000, 0.000)  (0.000, 0.000)  (1.963, 0.380)  (1.336, 1.487)  (0.000, 0.000)  (-1.502, 1.320)
step= 42  t=42.000  (0.000, 0.000)  (0.000, 0.000)  (0.000, 0.000)  (0.000, 0.000)  (1.963, 0.380)  (1.336, 1.487)  (0.000, 0.000)  (-1.200, 1.055)
step= 43  t=43.000  (0.000, 0.000)  (0.000, 0.000)  (0.000, 0.000)  (0.000, 0.000)  (1.963, 0.380)  (1.336, 1.487)  (0.000, 0.000)  (0.000, 0.000)
step= 44  t=44.000  (0.000, 0.000)  (0.000, 0.000)  (0.000, 0.000)  (0.000, 0.000)  (1.963, 0.380)  (1.336, 1.487)  (0.000, 0.000)  (0.000, 0.000)
step= 45  t=45.000  (0.000, 0.000)  (0.000, 0.000)  (0.000, 0.000)  (0.000, 0.000)  (1.963, 0.380)  (0.753, 0.838)  (0.000, 0.000)  (0.000, 0.000)
step= 46  t=46.000  (0.000, 0.000)  (0.000, 0.000)  (0.000, 0.000)  (0.000, 0.000)  (0.259, 0.050)  (0.000, 0.000)  (0.000, 0.000)  (0.000, 0.000)
