Simulation has 8 agents and 0 obstacle vertices in it.
Running simulation
step= 0  t=0.000  (40.000, 0.000)  (28.284, 28.284)  (0.000, 40.000)  (-28.284, 28.284)  (-40.000, 0.000)  (-28.284, -28.284)  (-0.000, -40.000)  (28.284, -28.284)
step= 1  t=1.000  (38.001, 0.000)  (26.871, 26.871)  (0.000, 38.001)  (-26.871, 26.871)  (-38.001, 0.000)  (-26.871, -26.871)  (-0.000, -38.001)  (26.871, -26.871)
step= 2  t=2.000  (36.002, 0.000)  (25.457, 25.457)  (0.000, 36.002)  (-25.457, 25.457)  (-36.002, 0.000)  (-25.457, -25.457)  (-0.000, -36.002)  (25.457, -25.457)
step= 3  t=3.000  (34.002, 0.000)  (24.043, 24.043)  (0.000, 34.002)  (-24.043, 24.043)  (-34.002, 0.000)  (-24.043, -24.043)  (-0.000, -34.002)  (24.043, -24.043)
step= 4  t=4.000  (32.003, 0.000)  (22.630, 22.630)  (0.000, 32.003)  (-22.630, 22.630)  (-32.003, 0.000)  (-22.630, -22.630)  (-0.000, -32.003)  (22.630, -22.630)
step= 5  t=5.000  (30.004, 0.000)  (21.216, 21.216)  (0.000, 30.004)  (-21.216, 21.216)  (-30.004, 0.000)  (-21.216, -21.216)  (-0.000, -30.004)  (21.216, -21.216)
step= 6  t=6.000  (28.005, 0.000)  (19.802, 19.802)  (0.000, 28.005)  (-19.802, 19.802)  (-28.005, 0.000)  (-19.802, -19.802)  (-0.000, -28.005)  (19.802, -19.802)
step= 7  t=7.000  (26.006, 0.000)  (18.389, 18.389)  (0.000, 26.006)  (-18.389, 18.389)  (-26.006, 0.000)  (-18.389, -18.389)  (-0.000, -26.006)  (18.389, -18.389)
step= 8  t=8.000  (24.006, 0.000)  (16.975, 16.975)  (0.000, 24.006)  (-16.975, 16.975)  (-24.006, 0.000)  (-16.975, -16.975)  (-0.000, -24.006)  (16.975, -16.975)
step= 9  t=9.000  (22.007, 0.000)  (15.561, 15.561)  (0.000, 22.007)  (-15.561, 15.561)  (-22.007, 0.000)  (-15.561, -15.561)  (-0.000, -22.007)  (15.561, -15.561)
step= 10  t=10.000  (20.008, 0.000)  (14.148, 14.148)  (0.000, 20.008)  (-14.148, 14.148)  (-20.008, 0.000)  (-14.148, -14.148)  (-0.000, -20.008)  (14.148, -14.148)
step= 11  t=11.000  (18.009, 0.000)  (12.734, 12.734)  (0.000, 18.009)  (-12.734, 12.734)  (-18.009, 0.000)  (-12.734, -12.734)  (-0.000, -18.009)  (12.734, -12.734)
step= 12  t=12.000  (16.009, 0.000)  (11.320, 11.320)  (0.000, 16.009)  (-11.320, 11.320)  (-16.009, 0.000)  (-11.320, -11.320)  (-0.000, -16.009)  (11.320, -11.320)
step= 13  t=13.000  (14.010, 0.000)  (9.907, 9.907)  (0.000, 14.010)  (-9.907, 9.907)  (-14.010, 0.000)  (-9.907, -9.907)  (-0.000, -14.010)  (9.907, -9.907)
step= 14  t=14.000  (12.011, 0.000)  (8.493, 8.493)  (0.000, 12.011)  (-8.493, 8.493)  (-12.011, 0.000)  (-8.493, -8.493)  (-0.000, -12.011)  (8.493, -8.493)
step= 15  t=15.000  (10.011, 0.032)  (7.208, 7.169)  (0.001, 10.011)  (-7.207, 7.168)  (-10.162, 0.027)  (-7.109, -7.049)  (0.017, -10.011)  (7.187, -7.161)
step= 16  t=16.000  (8.012, 0.087)  (5.965, 5.936)  (0.006, 8.011)  (-6.055, 5.956)  (-8.382, -0.348)  (-5.764, -5.569)  (0.120, -8.014)  (5.931, -5.961)
step= 17  t=17.000  (6.013, 0.138)  (4.829, 4.740)  (-0.050, 6.012)  (-4.957, 4.788)  (-6.707, -0.800)  (-4.481, -4.035)  (0.287, -6.021)  (4.746, -4.835)
step= 18  t=18.000  (4.080, 0.292)  (3.891, 3.705)  (-0.320, 4.030)  (-3.931, 3.820)  (-5.145, -1.542)  (-3.227, -2.477)  (0.576, -4.061)  (3.432, -3.970)
step= 19  t=19.000  (2.277, 0.448)  (3.236, 2.198)  (-0.454, 2.035)  (-2.992, 3.158)  (-3.851, -2.449)  (-1.912, -0.970)  (0.816, -2.118)  (2.218, -3.152)
step= 20  t=20.000  (0.929, 0.798)  (2.855, 0.719)  (-0.247, 0.045)  (-2.079, 2.770)  (-2.266, -3.233)  (-1.169, 0.235)  (0.971, -0.506)  (1.259, -2.920)
step= 21  t=21.000  (-0.086, 0.352)  (2.829, -0.495)  (-0.702, -1.116)  (-1.402, 2.794)  (-0.621, -4.225)  (-1.077, 0.290)  (1.015, 1.288)  (0.982, -3.376)
step= 22  t=22.000  (-1.954, -0.364)  (2.655, -1.756)  (-1.239, -3.030)  (-0.769, 2.707)  (0.883, -5.544)  (-2.552, 1.421)  (1.089, 3.286)  (0.718, -3.424)
step= 23  t=23.000  (-3.953, -0.345)  (2.450, -3.007)  (-1.286, -5.029)  (0.662, 1.745)  (2.857, -5.862)  (-3.117, 2.322)  (1.029, 5.285)  (-0.290, -2.530)
step= 24  t=24.000  (-5.953, -0.326)  (0.984, -4.117)  (-1.212, -7.027)  (2.016, 0.273)  (4.832, -5.550)  (-2.029, 2.975)  (0.970, 7.283)  (-1.615, -1.397)
step= 25  t=25.000  (-7.952, -0.307)  (-0.557, -5.390)  (-1.139, -9.025)  (3.369, -1.198)  (6.807, -5.239)  (-0.494, 4.257)  (0.911, 9.281)  (-2.951, 0.090)
step= 26  t=26.000  (-9.951, -0.288)  (-2.099, -6.664)  (-1.065, -11.023)  (4.723, -2.670)  (8.781, -4.927)  (1.040, 5.538)  (0.852, 11.279)  (-4.288, 1.577)
step= 27  t=27.000  (-11.950, -0.269)  (-3.641, -7.936)  (-0.992, -13.021)  (6.076, -4.141)  (10.755, -4.615)  (2.574, 6.819)  (0.792, 13.277)  (-5.624, 3.064)
step= 28  t=28.000  (-13.948, -0.249)  (-5.182, -9.209)  (-0.918, -15.018)  (7.429, -5.612)  (12.730, -4.304)  (4.109, 8.100)  (0.733, 15.275)  (-6.960, 4.551)
step= 29  t=29.000  (-15.947, -0.230)  (-6.723, -10.482)  (-0.845, -17.016)  (8.783, -7.083)  (14.704, -3.992)  (5.643, 9.381)  (0.674, 17.273)  (-8.296, 6.038)
step= 30  t=30.000  (-17.946, -0.211)  (-8.265, -11.754)  (-0.772, -19.013)  (10.136, -8.554)  (16.679, -3.681)  (7.178, 10.662)  (0.615, 19.271)  (-9.632, 7.525)
step= 31  t=31.000  (-19.945, -0.192)  (-9.806, -13.027)  (-0.698, -21.011)  (11.489, -10.025)  (18.653, -3.369)  (8.712, 11.943)  (0.555, 21.269)  (-10.968, 9.012)
step= 32  t=32.000  (-21.944, -0.173)  (-11.348, -14.300)  (-0.625, -23.009)  (12.842, -11.497)  (20.628, -3.057)  (10.247, 13.225)  (0.496, 23.267)  (-12.304, 10.499)
step= 33  t=33.000  (-23.943, -0.154)  (-12.890, -15.573)  (-0.551, -25.007)  (14.196, -12.968)  (22.603, -2.746)  (11.782, 14.506)  (0.437, 25.266)  (-13.640, 11.986)
step= 34  t=34.000  (-25.942, -0.135)  (-14.431, -16.846)  (-0.478, -27.005)  (15.549, -14.439)  (24.577, -2.434)  (13.316, 15.787)  (0.378, 27.264)  (-14.976, 13.473)
step= 35  t=35.000  (-27.942, -0.115)  (-15.973, -18.119)  (-0.404, -29.003)  (16.903, -15.911)  (26.552, -2.122)  (14.851, 17.069)  (0.318, 29.262)  (-16.312, 14.960)
step= 36  t=36.000  (-29.941, -0.096)  (-17.514, -19.392)  (-0.331, -31.000)  (18.256, -17.382)  (28.527, -1.811)  (16.385, 18.350)  (0.259, 31.261)  (-17.649, 16.447)
step= 37  t=37.000  (-31.940, -0.077)  (-19.056, -20.665)  (-0.257, -32.998)  (19.609, -18.854)  (30.502, -1.499)  (17.920, 19.631)  (0.200, 33.259)  (-18.985, 17.934)
step= 38  t=38.000  (-33.939, -0.058)  (-20.598, -21.938)  (-0.184, -34.996)  (20.963, -20.325)  (32.476, -1.187)  (19.455, 20.912)  (0.141, 35.257)  (-20.321, 19.422)
step= 39  t=39.000  (-35.938, -0.039)  (-22.139, -23.210)  (-0.111, -36.994)  (22.316, -21.796)  (34.451, -0.876)  (20.989, 22.194)  (0.081, 37.256)  (-21.657, 20.909)
step= 40  t=40.000  (-37.937, -0.020)  (-23.681, -24.483)  (-0.037, -38.992)  (23.670, -23.268)  (36.426, -0.564)  (22.524, 23.475)  (0.022, 39.254)  (-22.993, 22.396)
step= 41  t=41.000  (-39.936, -0.001)  (-25.223, -25.756)  (0.000, -40.000)  (25.023, -24.739)  (38.401, -0.252)  (24.059, 24.756)  (-0.000, 40.000)  (-24.330, 23.883)
step= 42  t=42.000  (-40.000, -0.000)  (-26.764, -27.029)  (0.000, -40.000)  (26.377, -26.211)  (40.000, 0.000)  (25.593, 26.038)  (-0.000, 40.000)  (-25.666, 25.370)
step= 43  t=43.000  (-40.000, -0.000)  (-28.285, -28.284)  (0.000, -40.000)  (27.730, -27.682)  (40.000, 0.000)  (27.128, 27.319)  (-0.000, 40.000)  (-27.002, 26.857)
step= 44  t=44.000  (-40.000, -0.000)  (-28.285, -28.284)  (0.000, -40.000)  (28.284, -28.284)  (40.000, 0.000)  (28.284, 28.284)  (-0.000, 40.000)  (-28.285, 28.285)
