step= 0  t=0.000  (-1.999, 0.000)  (-1.414, -1.414)  (-0.000, -1.999)  (1.414, -1.414)  (1.999, -0.000)  (1.414, 1.414)  (0.000, 1.999)  (-1.414, 1.414)
step= 1  t=1.000  (-1.999, 0.000)  (-1.414, -1.414)  (-0.000, -1.999)  (1.414, -1.414)  (1.999, -0.000)  (1.414, 1.414)  (0.000, 1.999)  (-1.414, 1.414)
step= 2  t=2.000  (-1.999, 0.000)  (-1.414, -1.414)  (-0.000, -1.999)  (1.414, -1.414)  (1.999, -0.000)  (1.414, 1.414)  (0.000, 1.999)  (-1.414, 1.414)
step= 3  t=3.000  (-1.999, 0.000)  (-1.414, -1.414)  (-0.000, -1.999)  (1.414, -1.414)  (1.999, -0.000)  (1.414, 1.414)  (0.000, 1.999)  (-1.414, 1.414)
step= 4  t=4.000  (-1.999, 0.000)  (-1.414, -1.414)  (-0.000, -1.999)  (1.414, -1.414)  (1.999, -0.000)  (1.414, 1.414)  (0.000, 1.999)  (-1.414, 1.414)
step= 5  t=5.000  (-1.999, 0.000)  (-1.414, -1.414)  (-0.000, -1.999)  (1.414, -1.414)  (1.999, -0.000)  (1.414, 1.414)  (0.000, 1.999)  (-1.414, 1.414)
step= 6  t=6.000  (-1.999, 0.000)  (-1.414, -1.414)  (-0.000, -1.999)  (1.414, -1.414)  (1.999, -0.000)  (1.414, 1.414)  (0.000, 1.999)  (-1.414, 1.414)
step= 7  t=7.000  (-1.999, 0.000)  (-1.414, -1.414)  (-0.000, -1.999)  (1.414, -1.414)  (1.999, -0.000)  (1.414, 1.414)  (0.000, 1.999)  (-1.414, 1.414)
step= 8  t=8.000  (-1.999, 0.000)  (-1.414, -1.414)  (-0.000, -1.999)  (1.414, -1.414)  (1.999, -0.000)  (1.414, 1.414)  (0.000, 1.999)  (-1.414, 1.414)
step= 9  t=9.000  (-1.999, 0.000)  (-1.414, -1.414)  (-0.000, -1.999)  (1.414, -1.414)  (1.999, -0.000)  (1.414, 1.414)  (0.000, 1.999)  (-1.414, 1.414)
step= 10  t=10.000  (-1.999, 0.000)  (-1.414, -1.414)  (-0.000, -1.999)  (1.414, -1.414)  (1.999, -0.000)  (1.414, 1.414)  (0.000, 1.999)  (-1.414, 1.414)
step= 11  t=11.000  (-1.999, 0.000)  (-1.414, -1.414)  (-0.000, -1.999)  (1.414, -1.414)  (1.999, -0.000)  (1.414, 1.414)  (0.000, 1.999)  (-1.414, 1.414)
step= 12  t=12.000  (-1.999, 0.000)  (-1.414, -1.414)  (-0.000, -1.999)  (1.414, -1.414)  (1.999, -0.000)  (1.414, 1.414)  (0.000, 1.999)  (-1.414, 1.414)
step= 13  t=13.000  (-1.999, 0.000)  (-1.414, -1.414)  (-0.000, -1.999)  (1.414, -1.414)  (1.999, -0.000)  (1.414, 1.414)  (0.000, 1.999)  (-1.414, 1.414)
step= 14  t=14.000  (-2.000, 0.017)  (-1.407, -1.422)  (-0.026, -1.834)  (1.419, -1.410)  (2.000, 0.011)  (1.154, 1.489)  (0.004, 2.000)  (-1.423, 1.406)
step= 15  t=15.000  (-2.000, 0.026)  (-1.459, -1.367)  (-0.025, -1.742)  (1.482, -1.343)  (1.999, -0.066)  (1.031, 1.483)  (-0.027, 2.000)  (-1.431, 1.397)
step= 16  t=16.000  (-1.803, 0.618)  (-1.518, -1.302)  (-0.041, -1.651)  (1.542, -1.274)  (1.993, -0.162)  (1.145, 1.177)  (-0.109, 1.997)  (-1.433, 1.396)
step= 17  t=17.000  (-1.680, 0.950)  (-1.476, -1.350)  (-0.272, -1.535)  (1.474, -1.352)  (1.911, -0.249)  (1.158, 0.985)  (-0.067, 1.999)  (-0.986, 1.440)
step= 18  t=18.000  (-1.467, 1.089)  (-1.433, -1.396)  (-0.515, -1.478)  (1.375, -1.453)  (1.815, -0.322)  (1.234, 0.643)  (0.055, 1.887)  (-0.642, 1.542)
step= 19  t=19.000  (-1.834, 0.671)  (-1.073, -0.857)  (-0.598, -1.466)  (0.648, -0.895)  (1.489, -0.225)  (1.174, 0.268)  (0.268, 1.458)  (-0.390, 1.493)
step= 20  t=20.000  (-1.960, -0.078)  (-1.088, -0.606)  (-0.992, -1.641)  (0.650, -0.938)  (1.866, -0.720)  (1.166, -0.169)  (-0.036, 1.798)  (-0.585, 1.913)
step= 21  t=21.000  (-1.993, -0.167)  (-0.690, -0.897)  (-1.304, -1.516)  (0.984, -0.477)  (1.999, 0.058)  (1.312, -0.390)  (-0.319, 1.669)  (-0.264, 1.983)
step= 22  t=22.000  (-1.993, -0.167)  (-0.966, -1.250)  (-0.710, -1.870)  (0.925, -0.509)  (1.997, 0.090)  (1.712, -0.170)  (-0.215, 1.743)  (-0.455, 1.948)
step= 23  t=23.000  (-1.992, -0.167)  (-1.024, -1.215)  (-0.659, -1.888)  (0.837, -0.626)  (1.997, 0.090)  (1.903, 0.021)  (-0.175, 1.702)  (-0.488, 1.940)
step= 24  t=24.000  (-1.992, -0.167)  (-1.306, -1.264)  (-0.083, -1.998)  (1.012, -1.320)  (1.997, 0.090)  (1.712, 0.678)  (-0.129, 1.691)  (-0.561, 1.920)
step= 25  t=25.000  (-1.992, -0.167)  (-1.398, -1.429)  (0.309, -1.974)  (1.392, -1.435)  (1.997, 0.090)  (1.165, 1.624)  (0.021, 1.748)  (-0.817, 1.826)
step= 26  t=26.000  (-1.992, -0.167)  (-1.398, -1.429)  (0.309, -1.975)  (1.392, -1.435)  (1.997, 0.090)  (1.165, 1.624)  (0.074, 1.923)  (-1.415, 1.413)
step= 27  t=27.000  (-1.992, -0.167)  (-1.398, -1.429)  (0.309, -1.975)  (1.392, -1.435)  (1.997, 0.090)  (1.165, 1.624)  (0.046, 1.998)  (-1.725, 1.010)
step= 28  t=28.000  (-1.992, -0.167)  (-1.398, -1.429)  (0.309, -1.975)  (1.392, -1.435)  (1.997, 0.090)  (1.165, 1.624)  (0.046, 1.998)  (-1.725, 1.010)
step= 29  t=29.000  (-1.992, -0.167)  (-1.398, -1.429)  (0.309, -1.975)  (1.392, -1.435)  (1.997, 0.090)  (1.165, 1.624)  (0.046, 1.998)  (-1.725, 1.010)
step= 30  t=30.000  (-1.992, -0.167)  (-1.398, -1.429)  (0.309, -1.975)  (1.392, -1.435)  (1.997, 0.090)  (1.165, 1.624)  (0.046, 1.998)  (-1.725, 1.010)
step= 31  t=31.000  (-1.992, -0.167)  (-1.398, -1.429)  (0.309, -1.975)  (1.392, -1.435)  (1.997, 0.090)  (1.166, 1.624)  (0.046, 1.998)  (-1.725, 1.010)
step= 32  t=32.000  (-1.992, -0.167)  (-1.398, -1.429)  (0.309, -1.975)  (1.392, -1.435)  (1.997, 0.090)  (1.166, 1.624)  (0.046, 1.999)  (-1.725, 1.010)
step= 33  t=33.000  (-1.992, -0.167)  (-1.398, -1.429)  (0.309, -1.975)  (1.392, -1.435)  (1.997, 0.090)  (1.166, 1.624)  (0.046, 1.999)  (-1.725, 1.010)
step= 34  t=34.000  (-1.992, -0.167)  (-1.398, -1.429)  (0.309, -1.975)  (1.392, -1.435)  (1.997, 0.090)  (1.166, 1.624)  (0.046, 1.999)  (-1.725, 1.010)
step= 35  t=35.000  (-1.992, -0.167)  (-1.398, -1.429)  (0.309, -1.975)  (1.392, -1.435)  (1.997, 0.090)  (1.166, 1.624)  (0.046, 1.999)  (-1.725, 1.010)
step= 36  t=36.000  (-1.992, -0.167)  (-1.398, -1.429)  (0.309, -1.975)  (1.392, -1.435)  (1.997, 0.090)  (1.166, 1.624)  (0.046, 1.999)  (-1.725, 1.010)
step= 37  t=37.000  (-1.992, -0.167)  (-1.398, -1.429)  (0.309, -1.975)  (1.392, -1.435)  (1.997, 0.090)  (1.166, 1.624)  (0.046, 1.999)  (-1.725, 1.010)
step= 38  t=38.000  (-1.992, -0.167)  (-1.398, -1.429)  (0.309, -1.975)  (1.392, -1.435)  (1.997, 0.090)  (1.166, 1.624)  (0.046, 1.999)  (-1.725, 1.010)
step= 39  t=39.000  (-1.992, -0.167)  (-1.398, -1.429)  (0.309, -1.975)  (1.392, -1.435)  (1.997, 0.090)  (1.166, 1.624)  (0.046, 1.999)  (-1.725, 1.010)
step= 40  t=40.000  (-1.416, -0.119)  (-1.398, -1.429)  (0.309, -1.975)  (1.392, -1.435)  (0.992, 0.045)  (1.166, 1.624)  (0.046, 1.999)  (-1.725, 1.010)
step= 41  t=41.000  (0.000, 0.000)  (-0.968, -0.989)  (0.280, -1.790)  (1.392, -1.435)  (0.000, 0.000)  (1.166, 1.624)  (0.010, 0.417)  (-1.725, 1.010)
step= 42  t=42.000  (0.000, 0.000)  (0.000, 0.000)  (0.000, 0.000)  (0.765, -0.789)  (0.000, 0.000)  (1.166, 1.624)  (0.000, 0.000)  (-0.014, 0.008)
step= 43  t=43.000  (0.000, 0.000)  (0.000, 0.000)  (0.000, 0.000)  (0.000, 0.000)  (0.000, 0.000)  (1.098, 1.530)  (0.000, 0.000)  (0.000, 0.000)
