Simulation has 8 agents and 0 obstacle vertices in it.
Running simulation
step= 0  t=0.000  (40.000, 0.000)  (28.284, 28.284)  (0.000, 40.000)  (-28.284, 28.284)  (-40.000, 0.000)  (-28.284, -28.284)  (-0.000, -40.000)  (28.284, -28.284)
step= 1  t=1.000  (38.001, 0.000)  (26.871, 26.871)  (0.000, 38.001)  (-26.871, 26.871)  (-38.001, 0.000)  (-26.871, -26.871)  (-0.000, -38.001)  (26.871, -26.871)
step= 2  t=2.000  (36.002, 0.000)  (25.457, 25.457)  (0.000, 36.002)  (-25.457, 25.457)  (-36.002, 0.000)  (-25.457, -25.457)  (-0.000, -36.002)  (25.457, -25.457)
step= 3  t=3.000  (34.002, 0.000)  (24.043, 24.043)  (0.000, 34.002)  (-24.043, 24.043)  (-34.002, 0.000)  (-24.043, -24.043)  (-0.000, -34.002)  (24.043, -24.043)
step= 4  t=4.000  (32.003, 0.000)  (22.630, 22.630)  (0.000, 32.003)  (-22.630, 22.630)  (-32.003, 0.000)  (-22.630, -22.630)  (-0.000, -32.003)  (22.630, -22.630)
step= 5  t=5.000  (30.004, 0.000)  (21.216, 21.216)  (0.000, 30.004)  (-21.216, 21.216)  (-30.004, 0.000)  (-21.216, -21.216)  (-0.000, -30.004)  (21.216, -21.216)
step= 6  t=6.000  (28.005, 0.000)  (19.802, 19.802)  (0.000, 28.005)  (-19.802, 19.802)  (-28.005, 0.000)  (-19.802, -19.802)  (-0.000, -28.005)  (19.802, -19.802)
step= 7  t=7.000  (26.006, 0.000)  (18.389, 18.389)  (0.000, 26.006)  (-18.389, 18.389)  (-26.006, 0.000)  (-18.389, -18.389)  (-0.000, -26.006)  (18.389, -18.389)
step= 8  t=8.000  (24.006, 0.000)  (16.975, 16.975)  (0.000, 24.006)  (-16.975, 16.975)  (-24.006, 0.000)  (-16.975, -16.975)  (-0.000, -24.006)  (16.975, -16.975)
step= 9  t=9.000  (22.007, 0.000)  (15.561, 15.561)  (0.000, 22.007)  (-15.561, 15.561)  (-22.007, 0.000)  (-15.561, -15.561)  (-0.000, -22.007)  (15.561, -15.561)
step= 10  t=10.000  (20.008, 0.000)  (14.148, 14.148)  (0.000, 20.008)  (-14.148, 14.148)  (-20.008, 0.000)  (-14.148, -14.148)  (-0.000, -20.008)  (14.148, -14.148)
step= 11  t=11.000  (18.009, 0.000)  (12.734, 12.734)  (0.000, 18.009)  (-12.734, 12.734)  (-18.009, 0.000)  (-12.734, -12.734)  (-0.000, -18.009)  (12.734, -12.734)
step= 12  t=12.000  (16.009, 0.000)  (11.320, 11.320)  (0.000, 16.009)  (-11.320, 11.320)  (-16.009, 0.000)  (-11.320, -11.320)  (-0.000, -16.009)  (11.320, -11.320)
step= 13  t=13.000  (14.010, 0.000)  (9.907, 9.907)  (0.000, 14.010)  (-9.907, 9.907)  (-14.010, 0.000)  (-9.907, -9.907)  (-0.000, -14.010)  (9.907, -9.907)
step= 14  t=14.000  (12.011, 0.000)  (8.493, 8.493)  (0.000, 12.011)  (-8.493, 8.493)  (-12.011, 0.000)  (-8.493, -8.493)  (-0.000, -12.011)  (8.493, -8.493)
step= 15  t=15.000  (10.146, 0.139)  (7.251, 7.077)  (0.005, 10.011)  (-7.099, 7.059)  (-10.154, 0.084)  (-6.929, -7.385)  (-0.158, -10.152)  (7.093, -7.265)
step= 16  t=16.000  (8.150, 0.263)  (6.101, 5.876)  (0.072, 8.012)  (-5.569, 5.984)  (-8.410, 0.118)  (-5.555, -6.443)  (-0.194, -8.153)  (5.751, -6.131)
step= 17  t=17.000  (6.152, 0.344)  (5.002, 4.731)  (0.197, 6.016)  (-4.018, 5.077)  (-6.679, 0.173)  (-4.181, -5.546)  (-0.232, -6.153)  (4.531, -4.954)
step= 18  t=18.000  (4.246, 0.546)  (4.063, 3.502)  (0.153, 4.017)  (-2.459, 4.293)  (-5.172, 0.195)  (-2.772, -4.731)  (-0.125, -4.223)  (3.287, -3.747)
step= 19  t=19.000  (2.393, 0.779)  (3.319, 2.303)  (-0.100, 2.033)  (-0.892, 3.705)  (-3.461, 0.181)  (-1.402, -4.170)  (-0.183, -2.364)  (2.264, -2.731)
step= 20  t=20.000  (0.665, 1.256)  (2.538, 0.992)  (-0.589, 0.093)  (0.684, 3.059)  (-5.340, 0.865)  (0.033, -3.693)  (0.323, -0.429)  (1.394, -1.899)
step= 21  t=21.000  (-1.333, 1.194)  (2.200, 0.060)  (-1.265, -1.789)  (2.499, 2.219)  (-6.809, 1.344)  (1.405, -3.230)  (0.667, 1.541)  (0.531, -1.236)
step= 22  t=22.000  (-3.332, 1.132)  (1.837, -0.875)  (-1.199, -3.787)  (4.208, 1.181)  (-7.432, 2.172)  (2.850, -2.655)  (0.633, 3.540)  (-0.804, 0.192)
step= 23  t=23.000  (-5.330, 1.071)  (0.358, -2.221)  (-1.133, -5.786)  (5.896, 0.107)  (-7.831, 2.760)  (4.266, -2.004)  (0.598, 5.539)  (-2.179, 1.636)
step= 24  t=24.000  (-7.329, 1.009)  (-1.121, -3.566)  (-1.067, -7.783)  (7.582, -0.968)  (-7.752, 3.165)  (5.468, -0.445)  (0.563, 7.538)  (-3.578, 3.064)
step= 25  t=25.000  (-9.327, 0.947)  (-2.600, -4.912)  (-1.000, -9.781)  (8.789, -2.561)  (-5.971, 2.662)  (6.711, 1.120)  (0.529, 9.537)  (-4.977, 4.492)
step= 26  t=26.000  (-11.325, 0.885)  (-4.078, -6.257)  (-0.934, -11.779)  (9.997, -4.154)  (-3.975, 2.547)  (7.954, 2.685)  (0.494, 11.535)  (-6.376, 5.920)
step= 27  t=27.000  (-13.323, 0.824)  (-5.557, -7.603)  (-0.868, -13.777)  (11.204, -5.747)  (-1.979, 2.431)  (9.197, 4.251)  (0.459, 13.534)  (-7.775, 7.348)
step= 28  t=28.000  (-15.321, 0.762)  (-7.035, -8.948)  (-0.802, -15.774)  (12.412, -7.341)  (0.016, 2.316)  (10.440, 5.816)  (0.425, 15.533)  (-9.174, 8.776)
step= 29  t=29.000  (-17.319, 0.700)  (-8.513, -10.293)  (-0.736, -17.772)  (13.619, -8.934)  (2.012, 2.200)  (11.684, 7.382)  (0.390, 17.532)  (-10.573, 10.204)
step= 30  t=30.000  (-19.318, 0.639)  (-9.992, -11.639)  (-0.670, -19.770)  (14.827, -10.527)  (4.008, 2.084)  (12.927, 8.947)  (0.355, 19.531)  (-11.972, 11.633)
step= 31  t=31.000  (-21.316, 0.577)  (-11.471, -12.984)  (-0.604, -21.768)  (16.034, -12.121)  (6.004, 1.969)  (14.170, 10.513)  (0.320, 21.529)  (-13.371, 13.061)
step= 32  t=32.000  (-23.314, 0.515)  (-12.949, -14.330)  (-0.537, -23.767)  (17.242, -13.714)  (8.000, 1.853)  (15.414, 12.078)  (0.286, 23.528)  (-14.770, 14.489)
step= 33  t=33.000  (-25.312, 0.454)  (-14.428, -15.676)  (-0.471, -25.765)  (18.449, -15.307)  (9.996, 1.738)  (16.657, 13.644)  (0.251, 25.527)  (-16.169, 15.917)
step= 34  t=34.000  (-27.311, 0.392)  (-15.907, -17.021)  (-0.405, -27.763)  (19.657, -16.901)  (11.992, 1.622)  (17.900, 15.210)  (0.216, 27.526)  (-17.568, 17.345)
step= 35  t=35.000  (-29.309, 0.330)  (-17.385, -18.367)  (-0.339, -29.761)  (20.864, -18.494)  (13.987, 1.507)  (19.144, 16.775)  (0.182, 29.525)  (-18.967, 18.773)
step= 36  t=36.000  (-31.307, 0.268)  (-18.864, -19.712)  (-0.273, -31.759)  (22.072, -20.087)  (15.983, 1.391)  (20.387, 18.341)  (0.147, 31.524)  (-20.366, 20.201)
step= 37  t=37.000  (-33.305, 0.207)  (-20.343, -21.058)  (-0.207, -33.757)  (23.279, -21.681)  (17.979, 1.275)  (21.631, 19.906)  (0.112, 33.523)  (-21.765, 21.629)
step= 38  t=38.000  (-35.304, 0.145)  (-21.821, -22.403)  (-0.141, -35.755)  (24.487, -23.274)  (19.975, 1.160)  (22.874, 21.472)  (0.078, 35.522)  (-23.164, 23.058)
step= 39  t=39.000  (-37.302, 0.083)  (-23.300, -23.749)  (-0.074, -37.753)  (25.695, -24.867)  (21.971, 1.044)  (24.117, 23.037)  (0.043, 37.521)  (-24.563, 24.486)
step= 40  t=40.000  (-39.300, 0.022)  (-24.779, -25.094)  (-0.008, -39.752)  (26.902, -26.461)  (23.967, 0.929)  (25.361, 24.603)  (0.008, 39.520)  (-25.962, 25.914)
step= 41  t=41.000  (-40.000, 0.000)  (-26.257, -26.440)  (-0.000, -40.000)  (28.110, -28.054)  (25.963, 0.813)  (26.604, 26.168)  (0.000, 40.000)  (-27.361, 27.342)
step= 42  t=42.000  (-40.000, 0.000)  (-27.736, -27.785)  (-0.000, -40.000)  (28.284, -28.284)  (27.959, 0.697)  (27.847, 27.734)  (0.000, 40.000)  (-28.284, 28.284)
step= 43  t=43.000  (-40.000, 0.000)  (-28.284, -28.284)  (-0.000, -40.000)  (28.284, -28.284)  (29.954, 0.582)  (28.284, 28.284)  (0.000, 40.000)  (-28.284, 28.284)
step= 44  t=44.000  (-40.000, 0.000)  (-28.284, -28.284)  (-0.000, -40.000)  (28.284, -28.284)  (31.950, 0.466)  (28.284, 28.284)  (0.000, 40.000)  (-28.284, 28.284)
step= 45  t=45.000  (-40.000, 0.000)  (-28.284, -28.284)  (-0.000, -40.000)  (28.284, -28.284)  (33.946, 0.351)  (28.284, 28.284)  (0.000, 40.000)  (-28.284, 28.284)
step= 46  t=46.000  (-40.000, 0.000)  (-28.284, -28.284)  (-0.000, -40.000)  (28.284, -28.284)  (35.942, 0.235)  (28.284, 28.284)  (0.000, 40.000)  (-28.284, 28.284)
step= 47  t=47.000  (-40.000, 0.000)  (-28.284, -28.284)  (-0.000, -40.000)  (28.284, -28.284)  (37.938, 0.119)  (28.284, 28.284)  (0.000, 40.000)  (-28.284, 28.284)
step= 48  t=48.000  (-40.000, 0.000)  (-28.284, -28.284)  (-0.000, -40.000)  (28.284, -28.284)  (39.934, 0.004)  (28.284, 28.284)  (0.000, 40.000)  (-28.284, 28.284)
step= 49  t=49.000  (-40.000, 0.000)  (-28.284, -28.284)  (-0.000, -40.000)  (28.284, -28.284)  (40.000, 0.000)  (28.284, 28.284)  (0.000, 40.000)  (-28.284, 28.284)
