Simulation has 8 agents and 0 obstacle vertices in it.
Running simulation
step= 0  t=0.000  (40.000, 0.000)  (28.284, 28.284)  (0.000, 40.000)  (-28.284, 28.284)  (-40.000, 0.000)  (-28.284, -28.284)  (-0.000, -40.000)  (28.284, -28.284)
step= 1  t=1.000  (38.001, 0.000)  (26.871, 26.871)  (0.000, 38.001)  (-26.871, 26.871)  (-38.001, 0.000)  (-26.871, -26.871)  (-0.000, -38.001)  (26.871, -26.871)
step= 2  t=2.000  (36.002, 0.000)  (25.457, 25.457)  (0.000, 36.002)  (-25.457, 25.457)  (-36.002, 0.000)  (-25.457, -25.457)  (-0.000, -36.002)  (25.457, -25.457)
step= 3  t=3.000  (34.002, 0.000)  (24.043, 24.043)  (0.000, 34.002)  (-24.043, 24.043)  (-34.002, 0.000)  (-24.043, -24.043)  (-0.000, -34.002)  (24.043, -24.043)
step= 4  t=4.000  (32.003, 0.000)  (22.630, 22.630)  (0.000, 32.003)  (-22.630, 22.630)  (-32.003, 0.000)  (-22.630, -22.630)  (-0.000, -32.003)  (22.630, -22.630)
step= 5  t=5.000  (30.004, 0.000)  (21.216, 21.216)  (0.000, 30.004)  (-21.216, 21.216)  (-30.004, 0.000)  (-21.216, -21.216)  (-0.000, -30.004)  (21.216, -21.216)
step= 6  t=6.000  (28.005, 0.000)  (19.802, 19.802)  (0.000, 28.005)  (-19.802, 19.802)  (-28.005, 0.000)  (-19.802, -19.802)  (-0.000, -28.005)  (19.802, -19.802)
step= 7  t=7.000  (26.006, 0.000)  (18.389, 18.389)  (0.000, 26.006)  (-18.389, 18.389)  (-26.006, 0.000)  (-18.389, -18.389)  (-0.000, -26.006)  (18.389, -18.389)
step= 8  t=8.000  (24.006, 0.000)  (16.975, 16.975)  (0.000, 24.006)  (-16.975, 16.975)  (-24.006, 0.000)  (-16.975, -16.975)  (-0.000, -24.006)  (16.975, -16.975)
step= 9  t=9.000  (22.007, 0.000)  (15.561, 15.561)  (0.000, 22.007)  (-15.561, 15.561)  (-22.007, 0.000)  (-15.561, -15.561)  (-0.000, -22.007)  (15.561, -15.561)
step= 10  t=10.000  (20.008, 0.000)  (14.148, 14.148)  (0.000, 20.008)  (-14.148, 14.148)  (-20.008, 0.000)  (-14.148, -14.148)  (-0.000, -20.008)  (14.148, -14.148)
step= 11  t=11.000  (18.009, 0.000)  (12.734, 12.734)  (0.000, 18.009)  (-12.734, 12.734)  (-18.009, 0.000)  (-12.734, -12.734)  (-0.000, -18.009)  (12.734, -12.734)
step= 12  t=12.000  (16.009, 0.000)  (11.320, 11.320)  (0.000, 16.009)  (-11.320, 11.320)  (-16.009, 0.000)  (-11.320, -11.320)  (-0.000, -16.009)  (11.320, -11.320)
step= 13  t=13.000  (14.010, 0.000)  (9.907, 9.907)  (0.000, 14.010)  (-9.907, 9.907)  (-14.010, 0.000)  (-9.907, -9.907)  (-0.000, -14.010)  (9.907, -9.907)
step= 14  t=14.000  (12.011, 0.000)  (8.493, 8.493)  (0.000, 12.011)  (-8.493, 8.493)  (-12.011, 0.000)  (-8.493, -8.493)  (-0.000, -12.011)  (8.493, -8.493)
step= 15  t=15.000  (10.011, 0.017)  (7.086, 7.071)  (-0.026, 10.177)  (-7.074, 7.084)  (-10.011, 0.011)  (-7.339, -7.004)  (0.004, -10.011)  (7.071, -7.087)
step= 16  t=16.000  (8.011, 0.044)  (5.627, 5.704)  (-0.051, 8.435)  (-5.592, 5.741)  (-8.012, -0.055)  (-6.308, -5.521)  (-0.023, -8.011)  (5.640, -5.690)
step= 17  t=17.000  (6.208, 0.662)  (4.108, 4.402)  (-0.092, 6.784)  (-4.050, 4.467)  (-6.019, -0.216)  (-5.163, -4.344)  (-0.133, -6.014)  (4.207, -4.294)
step= 18  t=18.000  (4.528, 1.612)  (2.633, 3.052)  (-0.364, 5.249)  (-2.576, 3.115)  (-4.107, -0.465)  (-4.004, -3.359)  (-0.200, -4.015)  (3.221, -2.854)
step= 19  t=19.000  (3.062, 2.701)  (1.200, 1.657)  (-0.879, 3.771)  (-1.202, 1.662)  (-2.292, -0.787)  (-2.771, -2.716)  (-0.144, -2.129)  (2.580, -1.312)
step= 20  t=20.000  (1.227, 3.372)  (0.127, 0.800)  (-1.477, 2.304)  (-0.554, 0.767)  (-0.804, -1.012)  (-1.597, -2.448)  (0.124, -0.670)  (2.190, 0.181)
step= 21  t=21.000  (-0.732, 3.293)  (-0.960, 0.194)  (-2.469, 0.663)  (0.096, -0.171)  (1.063, -1.732)  (-0.431, -2.618)  (0.088, 1.127)  (1.605, 2.094)
step= 22  t=22.000  (-2.725, 3.126)  (-1.651, -0.703)  (-3.773, -0.853)  (1.080, -0.648)  (3.062, -1.673)  (0.881, -3.008)  (-0.231, 2.797)  (1.341, 4.076)
step= 23  t=23.000  (-4.718, 2.959)  (-2.617, -1.953)  (-4.483, -2.723)  (2.005, -1.157)  (5.059, -1.583)  (2.592, -3.178)  (-0.446, 4.539)  (0.886, 6.024)
step= 24  t=24.000  (-6.710, 2.792)  (-3.641, -3.169)  (-5.142, -4.611)  (2.842, -1.783)  (7.056, -1.492)  (4.495, -3.158)  (-0.621, 6.241)  (0.398, 7.964)
step= 25  t=25.000  (-8.702, 2.625)  (-4.947, -4.432)  (-5.225, -6.609)  (3.853, -3.103)  (9.053, -1.402)  (6.207, -2.480)  (-0.750, 7.933)  (-0.162, 9.884)
step= 26  t=26.000  (-10.694, 2.458)  (-6.345, -5.861)  (-4.916, -8.584)  (5.246, -4.538)  (11.050, -1.311)  (7.372, -0.856)  (-0.729, 9.680)  (-0.979, 11.709)
step= 27  t=27.000  (-12.685, 2.291)  (-7.743, -7.290)  (-4.607, -10.559)  (6.638, -5.973)  (13.046, -1.221)  (8.538, 0.768)  (-0.655, 11.603)  (-2.395, 13.122)
step= 28  t=28.000  (-14.678, 2.124)  (-9.141, -8.719)  (-4.298, -12.534)  (8.029, -7.408)  (15.043, -1.130)  (9.703, 2.392)  (-0.609, 13.602)  (-4.119, 14.132)
step= 29  t=29.000  (-16.670, 1.957)  (-10.539, -10.148)  (-3.989, -14.508)  (9.421, -8.842)  (17.040, -1.040)  (10.869, 4.016)  (-0.563, 15.600)  (-5.844, 15.142)
step= 30  t=30.000  (-18.662, 1.790)  (-11.937, -11.576)  (-3.680, -16.483)  (10.814, -10.277)  (19.037, -0.950)  (12.034, 5.640)  (-0.516, 17.598)  (-7.569, 16.153)
step= 31  t=31.000  (-20.654, 1.623)  (-13.335, -13.005)  (-3.371, -18.458)  (12.206, -11.712)  (21.034, -0.859)  (13.199, 7.264)  (-0.470, 19.597)  (-9.294, 17.163)
step= 32  t=32.000  (-22.646, 1.455)  (-14.733, -14.434)  (-3.062, -20.433)  (13.598, -13.147)  (23.031, -0.769)  (14.365, 8.888)  (-0.424, 21.595)  (-11.019, 18.173)
step= 33  t=33.000  (-24.639, 1.288)  (-16.131, -15.863)  (-2.753, -22.408)  (14.990, -14.582)  (25.028, -0.678)  (15.531, 10.513)  (-0.378, 23.594)  (-12.744, 19.183)
step= 34  t=34.000  (-26.631, 1.121)  (-17.529, -17.292)  (-2.444, -24.384)  (16.382, -16.017)  (27.025, -0.588)  (16.696, 12.137)  (-0.332, 25.592)  (-14.469, 20.194)
step= 35  t=35.000  (-28.623, 0.954)  (-18.928, -18.721)  (-2.135, -26.359)  (17.774, -17.451)  (29.023, -0.497)  (17.862, 13.761)  (-0.286, 27.591)  (-16.194, 21.204)
step= 36  t=36.000  (-30.615, 0.787)  (-20.326, -20.150)  (-1.826, -28.334)  (19.166, -18.886)  (31.020, -0.407)  (19.027, 15.385)  (-0.240, 29.590)  (-17.919, 22.214)
step= 37  t=37.000  (-32.608, 0.620)  (-21.724, -21.579)  (-1.517, -30.309)  (20.558, -20.321)  (33.017, -0.316)  (20.193, 17.010)  (-0.194, 31.588)  (-19.645, 23.224)
step= 38  t=38.000  (-34.600, 0.453)  (-23.122, -23.008)  (-1.207, -32.284)  (21.950, -21.756)  (35.014, -0.226)  (21.359, 18.634)  (-0.148, 33.587)  (-21.370, 24.235)
step= 39  t=39.000  (-36.592, 0.286)  (-24.520, -24.437)  (-0.898, -34.259)  (23.343, -23.191)  (37.011, -0.135)  (22.524, 20.258)  (-0.102, 35.586)  (-23.095, 25.245)
step= 40  t=40.000  (-38.584, 0.119)  (-25.918, -25.866)  (-0.589, -36.235)  (24.735, -24.626)  (39.008, -0.045)  (23.690, 21.882)  (-0.056, 37.584)  (-24.820, 26.255)
step= 41  t=41.000  (-40.000, -0.000)  (-27.316, -27.295)  (-0.280, -38.210)  (26.127, -26.061)  (40.000, 0.000)  (24.856, 23.506)  (-0.010, 39.583)  (-26.545, 27.266)
step= 42  t=42.000  (-40.000, -0.000)  (-28.284, -28.284)  (0.000, -40.000)  (27.519, -27.495)  (40.000, 0.000)  (26.021, 25.131)  (-0.000, 40.000)  (-28.270, 28.276)
step= 43  t=43.000  (-40.000, -0.000)  (-28.284, -28.284)  (0.000, -40.000)  (28.284, -28.284)  (40.000, 0.000)  (27.187, 26.755)  (-0.000, 40.000)  (-28.284, 28.284)
step= 44  t=44.000  (-40.000, -0.000)  (-28.284, -28.284)  (0.000, -40.000)  (28.284, -28.284)  (40.000, 0.000)  (28.285, 28.285)  (-0.000, 40.000)  (-28.284, 28.284)
