Simulation has 8 agents and 0 obstacle vertices in it.
Running simulation
step= 0  t=0.000  (40.000, 0.000)  (28.284, 28.284)  (0.000, 40.000)  (-28.284, 28.284)  (-40.000, 0.000)  (-28.284, -28.284)  (-0.000, -40.000)  (28.284, -28.284)
step= 1  t=1.000  (38.001, 0.000)  (26.871, 26.871)  (0.000, 38.001)  (-26.871, 26.871)  (-38.001, 0.000)  (-26.871, -26.871)  (-0.000, -38.001)  (26.871, -26.871)
step= 2  t=2.000  (36.002, 0.000)  (25.457, 25.457)  (0.000, 36.002)  (-25.457, 25.457)  (-36.002, 0.000)  (-25.457, -25.457)  (-0.000, -36.002)  (25.457, -25.457)
step= 3  t=3.000  (34.002, 0.000)  (24.043, 24.043)  (0.000, 34.002)  (-24.043, 24.043)  (-34.002, 0.000)  (-24.043, -24.043)  (-0.000, -34.002)  (24.043, -24.043)
step= 4  t=4.000  (32.003, 0.000)  (22.630, 22.630)  (0.000, 32.003)  (-22.630, 22.630)  (-32.003, 0.000)  (-22.630, -22.630)  (-0.000, -32.003)  (22.630, -22.630)
step= 5  t=5.000  (30.004, 0.000)  (21.216, 21.216)  (0.000, 30.004)  (-21.216, 21.216)  (-30.004, 0.000)  (-21.216, -21.216)  (-0.000, -30.004)  (21.216, -21.216)
step= 6  t=6.000  (28.005, 0.000)  (19.802, 19.802)  (0.000, 28.005)  (-19.802, 19.802)  (-28.005, 0.000)  (-19.802, -19.802)  (-0.000, -28.005)  (19.802, -19.802)
step= 7  t=7.000  (26.006, 0.000)  (18.389, 18.389)  (0.000, 26.006)  (-18.389, 18.389)  (-26.006, 0.000)  (-18.389, -18.389)  (-0.000, -26.006)  (18.389, -18.389)
step= 8  t=8.000  (24.006, 0.000)  (16.975, 16.975)  (0.000, 24.006)  (-16.975, 16.975)  (-24.006, 0.000)  (-16.975, -16.975)  (-0.000, -24.006)  (16.975, -16.975)
step= 9  t=9.000  (22.007, 0.000)  (15.561, 15.561)  (0.000, 22.007)  (-15.561, 15.561)  (-22.007, 0.000)  (-15.561, -15.561)  (-0.000, -22.007)  (15.561, -15.561)
step= 10  t=10.000  (20.008, 0.000)  (14.148, 14.148)  (0.000, 20.008)  (-14.148, 14.148)  (-20.008, 0.000)  (-14.148, -14.148)  (-0.000, -20.008)  (14.148, -14.148)
step= 11  t=11.000  (18.009, 0.000)  (12.734, 12.734)  (0.000, 18.009)  (-12.734, 12.734)  (-18.009, 0.000)  (-12.734, -12.734)  (-0.000, -18.009)  (12.734, -12.734)
step= 12  t=12.000  (16.009, 0.000)  (11.320, 11.320)  (0.000, 16.009)  (-11.320, 11.320)  (-16.009, 0.000)  (-11.320, -11.320)  (-0.000, -16.009)  (11.320, -11.320)
step= 13  t=13.000  (14.010, 0.000)  (9.907, 9.907)  (0.000, 14.010)  (-9.907, 9.907)  (-14.010, 0.000)  (-9.907, -9.907)  (-0.000, -14.010)  (9.907, -9.907)
step= 14  t=14.000  (12.011, 0.000)  (8.493, 8.493)  (0.000, 12.011)  (-8.493, 8.493)  (-12.011, 0.000)  (-8.493, -8.493)  (-0.000, -12.011)  (8.493, -8.493)
step= 15  t=15.000  (10.012, -0.000)  (7.079, 7.079)  (-0.000, 10.012)  (-7.079, 7.079)  (-10.012, 0.000)  (-7.079, -7.079)  (0.000, -10.012)  (7.079, -7.079)
step= 16  t=16.000  (8.285, -1.008)  (5.951, 5.951)  (0.000, 8.012)  (-5.146, 6.572)  (-8.285, 1.008)  (-5.951, -5.951)  (1.008, -8.285)  (5.665, -5.665)
step= 17  t=17.000  (6.827, -1.496)  (4.903, 5.012)  (-0.000, 6.012)  (-3.212, 6.315)  (-6.620, 1.454)  (-4.537, -4.537)  (1.496, -6.827)  (4.251, -4.251)
step= 18  t=18.000  (5.946, -2.112)  (4.045, 4.094)  (-0.032, 4.012)  (-1.731, 6.008)  (-5.373, 1.634)  (-3.177, -3.269)  (1.102, -5.775)  (2.965, -2.719)
step= 19  t=19.000  (5.160, -2.477)  (3.370, 2.985)  (-0.027, 2.012)  (-0.057, 5.616)  (-6.407, 3.346)  (-2.075, -1.949)  (0.180, -4.741)  (1.868, -1.047)
step= 20  t=20.000  (4.577, -2.978)  (3.120, 2.386)  (-0.044, 0.943)  (1.528, 4.878)  (-6.788, 4.598)  (-1.644, -0.729)  (-1.140, -3.337)  (1.106, 0.396)
step= 21  t=21.000  (4.245, -3.542)  (2.804, 1.362)  (0.202, 0.057)  (3.017, 4.198)  (-6.739, 5.457)  (-1.860, 0.539)  (-2.310, -1.834)  (0.237, 2.198)
step= 22  t=22.000  (3.130, -4.782)  (1.984, 0.852)  (-0.331, -0.912)  (4.383, 2.738)  (-6.789, 6.224)  (-1.464, 1.703)  (-3.046, -0.688)  (-0.494, 4.059)
step= 23  t=23.000  (1.274, -5.527)  (0.614, -0.002)  (-0.312, -2.375)  (5.603, 1.154)  (-6.217, 6.519)  (0.027, 3.036)  (-3.097, 0.826)  (-1.266, 5.904)
step= 24  t=24.000  (-0.541, -6.367)  (-0.877, -1.199)  (-0.038, -3.905)  (6.823, -0.429)  (-5.875, 5.927)  (1.518, 4.368)  (-2.838, 2.809)  (-2.174, 7.686)
step= 25  t=25.000  (-2.292, -7.333)  (-2.190, -2.399)  (0.082, -5.803)  (8.043, -2.013)  (-5.359, 5.226)  (3.008, 5.700)  (-2.686, 4.802)  (-3.743, 8.925)
step= 26  t=26.000  (-4.273, -7.609)  (-3.609, -3.807)  (0.077, -7.802)  (9.263, -3.596)  (-4.290, 4.392)  (4.499, 7.032)  (-2.534, 6.796)  (-5.312, 10.163)
step= 27  t=27.000  (-6.136, -8.335)  (-4.894, -5.163)  (0.072, -9.801)  (10.483, -5.180)  (-2.301, 4.195)  (5.990, 8.364)  (-2.381, 8.789)  (-6.882, 11.401)
step= 28  t=28.000  (-8.118, -8.601)  (-6.176, -6.533)  (0.067, -11.800)  (11.704, -6.763)  (-0.312, 3.997)  (7.480, 9.695)  (-2.229, 10.782)  (-8.451, 12.639)
step= 29  t=29.000  (-10.048, -8.080)  (-7.592, -7.935)  (0.063, -13.799)  (12.924, -8.347)  (1.677, 3.800)  (8.971, 11.027)  (-2.077, 12.775)  (-10.021, 13.877)
step= 30  t=30.000  (-11.978, -7.560)  (-9.017, -9.336)  (0.058, -15.797)  (14.144, -9.931)  (3.667, 3.603)  (10.462, 12.359)  (-1.925, 14.768)  (-11.590, 15.115)
step= 31  t=31.000  (-13.908, -7.039)  (-10.442, -10.738)  (0.053, -17.797)  (15.364, -11.514)  (5.656, 3.406)  (11.952, 13.691)  (-1.773, 16.762)  (-13.159, 16.353)
step= 32  t=32.000  (-15.838, -6.518)  (-11.867, -12.139)  (0.048, -19.796)  (16.584, -13.098)  (7.646, 3.208)  (13.443, 15.023)  (-1.621, 18.755)  (-14.729, 17.591)
step= 33  t=33.000  (-17.768, -5.998)  (-13.292, -13.541)  (0.044, -21.795)  (17.804, -14.682)  (9.635, 3.011)  (14.934, 16.355)  (-1.469, 20.748)  (-16.298, 18.829)
step= 34  t=34.000  (-19.698, -5.477)  (-14.718, -14.943)  (0.039, -23.794)  (19.024, -16.265)  (11.624, 2.814)  (16.425, 17.688)  (-1.317, 22.742)  (-17.868, 20.067)
step= 35  t=35.000  (-21.628, -4.956)  (-16.143, -16.344)  (0.034, -25.793)  (20.245, -17.849)  (13.614, 2.617)  (17.916, 19.020)  (-1.165, 24.735)  (-19.438, 21.306)
step= 36  t=36.000  (-23.558, -4.436)  (-17.568, -17.746)  (0.029, -27.793)  (21.465, -19.433)  (15.603, 2.419)  (19.406, 20.352)  (-1.013, 26.729)  (-21.007, 22.544)
step= 37  t=37.000  (-25.488, -3.915)  (-18.994, -19.148)  (0.024, -29.792)  (22.685, -21.017)  (17.593, 2.222)  (20.897, 21.684)  (-0.861, 28.722)  (-22.577, 23.782)
step= 38  t=38.000  (-27.418, -3.394)  (-20.419, -20.550)  (0.020, -31.791)  (23.905, -22.600)  (19.582, 2.025)  (22.388, 23.016)  (-0.708, 30.715)  (-24.147, 25.020)
step= 39  t=39.000  (-29.349, -2.874)  (-21.845, -21.951)  (0.015, -33.790)  (25.125, -24.184)  (21.572, 1.827)  (23.879, 24.348)  (-0.556, 32.709)  (-25.716, 26.258)
step= 40  t=40.000  (-31.279, -2.353)  (-23.270, -23.353)  (0.010, -35.789)  (26.345, -25.768)  (23.561, 1.630)  (25.370, 25.680)  (-0.404, 34.702)  (-27.286, 27.497)
step= 41  t=41.000  (-33.209, -1.832)  (-24.696, -24.755)  (0.005, -37.789)  (27.566, -27.351)  (25.551, 1.433)  (26.860, 27.012)  (-0.252, 36.696)  (-28.284, 28.284)
step= 42  t=42.000  (-35.139, -1.311)  (-26.121, -26.157)  (0.001, -39.788)  (28.284, -28.284)  (27.540, 1.236)  (28.285, 28.285)  (-0.100, 38.689)  (-28.284, 28.284)
step= 43  t=43.000  (-37.069, -0.791)  (-27.546, -27.559)  (0.000, -40.000)  (28.284, -28.284)  (29.530, 1.038)  (28.285, 28.285)  (0.000, 40.000)  (-28.284, 28.284)
step= 44  t=44.000  (-39.000, -0.270)  (-28.284, -28.284)  (0.000, -40.000)  (28.284, -28.284)  (31.519, 0.841)  (28.285, 28.285)  (0.000, 40.000)  (-28.284, 28.284)
step= 45  t=45.000  (-40.000, 0.000)  (-28.284, -28.284)  (0.000, -40.000)  (28.284, -28.284)  (33.508, 0.644)  (28.285, 28.285)  (0.000, 40.000)  (-28.284, 28.284)
step= 46  t=46.000  (-40.000, 0.000)  (-28.284, -28.284)  (0.000, -40.000)  (28.284, -28.284)  (35.498, 0.446)  (28.285, 28.285)  (0.000, 40.000)  (-28.284, 28.284)
step= 47  t=47.000  (-40.000, 0.000)  (-28.284, -28.284)  (0.000, -40.000)  (28.284, -28.284)  (37.487, 0.249)  (28.285, 28.285)  (0.000, 40.000)  (-28.284, 28.284)
step= 48  t=48.000  (-40.000, 0.000)  (-28.284, -28.284)  (0.000, -40.000)  (28.284, -28.284)  (39.477, 0.052)  (28.285, 28.285)  (0.000, 40.000)  (-28.284, 28.284)
step= 49  t=49.000  (-40.000, 0.000)  (-28.284, -28.284)  (0.000, -40.000)  (28.284, -28.284)  (40.000, 0.000)  (28.285, 28.285)  (0.000, 40.000)  (-28.284, 28.284)
