Simulation has 8 agents and 0 obstacle vertices in it.
Running simulation
step= 0  t=0.000  (40.000, 0.000)  (28.284, 28.284)  (0.000, 40.000)  (-28.284, 28.284)  (-40.000, 0.000)  (-28.284, -28.284)  (-0.000, -40.000)  (28.284, -28.284)
step= 1  t=1.000  (38.001, 0.000)  (26.871, 26.871)  (0.000, 38.001)  (-26.871, 26.871)  (-38.001, 0.000)  (-26.871, -26.871)  (-0.000, -38.001)  (26.871, -26.871)
step= 2  t=2.000  (36.002, 0.000)  (25.457, 25.457)  (0.000, 36.002)  (-25.457, 25.457)  (-36.002, 0.000)  (-25.457, -25.457)  (-0.000, -36.002)  (25.457, -25.457)
step= 3  t=3.000  (34.002, 0.000)  (24.043, 24.043)  (0.000, 34.002)  (-24.043, 24.043)  (-34.002, 0.000)  (-24.043, -24.043)  (-0.000, -34.002)  (24.043, -24.043)
step= 4  t=4.000  (32.003, 0.000)  (22.630, 22.630)  (0.000, 32.003)  (-22.630, 22.630)  (-32.003, 0.000)  (-22.630, -22.630)  (-0.000, -32.003)  (22.630, -22.630)
step= 5  t=5.000  (30.004, 0.000)  (21.216, 21.216)  (0.000, 30.004)  (-21.216, 21.216)  (-30.004, 0.000)  (-21.216, -21.216)  (-0.000, -30.004)  (21.216, -21.216)
step= 6  t=6.000  (28.005, 0.000)  (19.802, 19.802)  (0.000, 28.005)  (-19.802, 19.802)  (-28.005, 0.000)  (-19.802, -19.802)  (-0.000, -28.005)  (19.802, -19.802)
step= 7  t=7.000  (26.006, 0.000)  (18.389, 18.389)  (0.000, 26.006)  (-18.389, 18.389)  (-26.006, 0.000)  (-18.389, -18.389)  (-0.000, -26.006)  (18.389, -18.389)
step= 8  t=8.000  (24.006, 0.000)  (16.975, 16.975)  (0.000, 24.006)  (-16.975, 16.975)  (-24.006, 0.000)  (-16.975, -16.975)  (-0.000, -24.006)  (16.975, -16.975)
step= 9  t=9.000  (22.007, 0.000)  (15.561, 15.561)  (0.000, 22.007)  (-15.561, 15.561)  (-22.007, 0.000)  (-15.561, -15.561)  (-0.000, -22.007)  (15.561, -15.561)
step= 10  t=10.000  (20.008, 0.000)  (14.148, 14.148)  (0.000, 20.008)  (-14.148, 14.148)  (-20.008, 0.000)  (-14.148, -14.148)  (-0.000, -20.008)  (14.148, -14.148)
step= 11  t=11.000  (18.009, 0.000)  (12.734, 12.734)  (0.000, 18.009)  (-12.734, 12.734)  (-18.009, 0.000)  (-12.734, -12.734)  (-0.000, -18.009)  (12.734, -12.734)
step= 12  t=12.000  (16.009, 0.000)  (11.320, 11.320)  (0.000, 16.009)  (-11.320, 11.320)  (-16.009, 0.000)  (-11.320, -11.320)  (-0.000, -16.009)  (11.320, -11.320)
step= 13  t=13.000  (14.010, 0.000)  (9.907, 9.907)  (0.000, 14.010)  (-9.907, 9.907)  (-14.010, 0.000)  (-9.907, -9.907)  (-0.000, -14.010)  (9.907, -9.907)
step= 14  t=14.000  (12.011, 0.000)  (8.493, 8.493)  (0.000, 12.011)  (-8.493, 8.493)  (-12.011, 0.000)  (-8.493, -8.493)  (-0.000, -12.011)  (8.493, -8.493)
step= 15  t=15.000  (10.020, 0.022)  (7.081, 7.076)  (-0.010, 10.014)  (-7.085, 7.076)  (-10.012, 0.007)  (-7.070, -7.099)  (-0.009, -10.012)  (7.086, -7.084)
step= 16  t=16.000  (8.031, 0.044)  (5.672, 5.659)  (-0.036, 8.022)  (-5.681, 5.654)  (-8.014, 0.002)  (-5.645, -5.714)  (-0.011, -8.018)  (5.691, -5.672)
step= 17  t=17.000  (6.045, 0.048)  (4.263, 4.246)  (-0.066, 6.030)  (-4.288, 4.234)  (-6.023, -0.017)  (-4.218, -4.339)  (-0.007, -6.031)  (4.315, -4.257)
step= 18  t=18.000  (4.058, 0.057)  (2.855, 2.833)  (-0.100, 4.038)  (-2.906, 2.809)  (-4.042, -0.039)  (-2.790, -2.972)  (0.014, -4.056)  (2.944, -2.840)
step= 19  t=19.000  (2.078, 0.055)  (1.440, 1.440)  (-0.127, 2.052)  (-1.540, 1.381)  (-4.838, -1.874)  (-1.367, -1.595)  (0.051, -2.083)  (1.580, -1.421)
step= 20  t=20.000  (0.084, 0.069)  (0.023, 0.066)  (-0.140, 0.052)  (-0.166, -0.055)  (-4.992, -3.661)  (-0.992, -2.397)  (0.090, -0.112)  (3.353, -0.495)
step= 21  t=21.000  (-1.884, 0.421)  (-1.418, -1.321)  (-0.154, -1.754)  (1.448, -1.237)  (-4.967, -5.020)  (-1.080, -3.420)  (0.086, 1.888)  (3.887, 0.265)
step= 22  t=22.000  (-3.884, 0.399)  (-2.830, -2.737)  (0.222, -3.431)  (2.856, -2.657)  (-4.743, -6.300)  (-1.550, -4.474)  (0.081, 3.887)  (2.949, 0.830)
step= 23  t=23.000  (-5.884, 0.377)  (-4.241, -4.154)  (0.385, -5.378)  (4.264, -4.076)  (-4.225, -7.540)  (-1.923, -4.920)  (0.077, 5.887)  (1.447, 2.150)
step= 24  t=24.000  (-7.883, 0.355)  (-5.653, -5.571)  (0.371, -7.378)  (5.673, -5.496)  (-3.306, -8.240)  (-0.521, -3.792)  (0.072, 7.887)  (-0.055, 3.470)
step= 25  t=25.000  (-9.883, 0.333)  (-7.064, -6.987)  (0.348, -9.377)  (7.081, -6.915)  (-1.479, -8.035)  (0.815, -2.304)  (0.068, 9.886)  (-1.556, 4.790)
step= 26  t=26.000  (-11.882, 0.311)  (-8.475, -8.404)  (0.325, -11.377)  (8.490, -8.335)  (0.484, -7.655)  (2.151, -0.816)  (0.063, 11.886)  (-3.058, 6.110)
step= 27  t=27.000  (-13.882, 0.289)  (-9.887, -9.820)  (0.303, -13.376)  (9.898, -9.754)  (2.447, -7.275)  (3.487, 0.671)  (0.059, 13.886)  (-4.560, 7.431)
step= 28  t=28.000  (-15.881, 0.266)  (-11.298, -11.236)  (0.280, -15.376)  (11.307, -11.174)  (4.410, -6.894)  (4.823, 2.159)  (0.054, 15.886)  (-6.062, 8.751)
step= 29  t=29.000  (-17.880, 0.244)  (-12.709, -12.653)  (0.257, -17.375)  (12.715, -12.593)  (6.373, -6.514)  (6.159, 3.647)  (0.050, 17.885)  (-7.564, 10.071)
step= 30  t=30.000  (-19.879, 0.222)  (-14.120, -14.069)  (0.234, -19.374)  (14.124, -14.013)  (8.337, -6.134)  (7.495, 5.134)  (0.045, 19.884)  (-9.066, 11.391)
step= 31  t=31.000  (-21.878, 0.200)  (-15.531, -15.485)  (0.212, -21.373)  (15.532, -15.432)  (10.300, -5.753)  (8.831, 6.622)  (0.041, 21.884)  (-10.567, 12.711)
step= 32  t=32.000  (-23.877, 0.178)  (-16.942, -16.901)  (0.189, -23.372)  (16.940, -16.851)  (12.262, -5.373)  (10.166, 8.109)  (0.036, 23.883)  (-12.069, 14.031)
step= 33  t=33.000  (-25.876, 0.156)  (-18.353, -18.317)  (0.166, -25.371)  (18.348, -18.271)  (14.225, -4.993)  (11.502, 9.597)  (0.032, 25.882)  (-13.570, 15.351)
step= 34  t=34.000  (-27.875, 0.134)  (-19.764, -19.734)  (0.144, -27.371)  (19.757, -19.690)  (16.188, -4.613)  (12.838, 11.084)  (0.027, 27.881)  (-15.072, 16.671)
step= 35  t=35.000  (-29.874, 0.112)  (-21.176, -21.150)  (0.121, -29.370)  (21.165, -21.109)  (18.151, -4.233)  (14.174, 12.572)  (0.023, 29.880)  (-16.574, 17.990)
step= 36  t=36.000  (-31.874, 0.090)  (-22.587, -22.566)  (0.098, -31.369)  (22.573, -22.528)  (20.113, -3.852)  (15.510, 14.059)  (0.018, 31.880)  (-18.075, 19.310)
step= 37  t=37.000  (-33.873, 0.068)  (-23.998, -23.982)  (0.075, -33.368)  (23.981, -23.947)  (22.076, -3.472)  (16.845, 15.547)  (0.014, 33.879)  (-19.577, 20.630)
step= 38  t=38.000  (-35.872, 0.046)  (-25.409, -25.398)  (0.053, -35.367)  (25.389, -25.366)  (24.039, -3.092)  (18.181, 17.034)  (0.009, 35.878)  (-21.078, 21.950)
step= 39  t=39.000  (-37.871, 0.024)  (-26.820, -26.815)  (0.030, -37.366)  (26.797, -26.786)  (26.002, -2.712)  (19.517, 18.521)  (0.005, 37.877)  (-22.580, 23.270)
step= 40  t=40.000  (-39.870, 0.001)  (-28.231, -28.231)  (0.007, -39.365)  (28.205, -28.205)  (27.964, -2.332)  (20.853, 20.009)  (0.000, 39.876)  (-24.081, 24.590)
step= 41  t=41.000  (-40.000, 0.000)  (-28.284, -28.284)  (0.000, -40.000)  (28.284, -28.284)  (29.927, -1.951)  (22.189, 21.496)  (0.000, 40.000)  (-25.583, 25.910)
step= 42  t=42.000  (-40.000, 0.000)  (-28.284, -28.284)  (0.000, -40.000)  (28.284, -28.284)  (31.890, -1.571)  (23.524, 22.984)  (0.000, 40.000)  (-27.085, 27.230)
step= 43  t=43.000  (-40.000, 0.000)  (-28.284, -28.284)  (0.000, -40.000)  (28.284, -28.284)  (33.852, -1.191)  (24.860, 24.471)  (0.000, 40.000)  (-28.284, 28.284)
step= 44  t=44.000  (-40.000, 0.000)  (-28.284, -28.284)  (0.000, -40.000)  (28.284, -28.284)  (35.815, -0.811)  (26.196, 25.959)  (0.000, 40.000)  (-28.284, 28.284)
step= 45  t=45.000  (-40.000, 0.000)  (-28.284, -28.284)  (0.000, -40.000)  (28.284, -28.284)  (37.778, -0.430)  (27.532, 27.446)  (0.000, 40.000)  (-28.284, 28.284)
step= 46  t=46.000  (-40.000, 0.000)  (-28.284, -28.284)  (0.000, -40.000)  (28.284, -28.284)  (39.741, -0.050)  (28.284, 28.284)  (0.000, 40.000)  (-28.284, 28.284)
step= 47  t=47.000  (-40.000, 0.000)  (-28.284, -28.284)  (0.000, -40.000)  (28.284, -28.284)  (40.000, -0.000)  (28.284, 28.284)  (0.000, 40.000)  (-28.284, 28.284)
