Simulation has 8 agents and 0 obstacle vertices in it.
Running simulation
step= 0  t=0.000  (-40.000, -6.000)  (40.000, -6.000)  (-40.000, -2.000)  (40.000, -2.000)  (-40.000, 2.000)  (40.000, 2.000)  (-40.000, 6.000)  (40.000, 6.000)
step= 1  t=1.000  (-38.043, -6.217)  (38.067, -6.291)  (-38.754, -2.047)  (38.454, -2.046)  (-38.943, 1.994)  (39.161, 2.056)  (-38.000, 6.000)  (38.046, 6.247)
step= 2  t=2.000  (-36.043, -6.211)  (36.067, -6.284)  (-36.807, -1.993)  (36.454, -2.045)  (-37.401, 2.023)  (37.727, 2.288)  (-36.000, 6.000)  (36.046, 6.241)
step= 3  t=3.000  (-34.043, -6.205)  (34.067, -6.276)  (-34.807, -1.993)  (34.454, -2.044)  (-35.522, 2.071)  (35.882, 2.354)  (-34.001, 6.000)  (34.046, 6.235)
step= 4  t=4.000  (-32.043, -6.200)  (32.068, -6.269)  (-32.808, -1.994)  (32.454, -2.043)  (-33.523, 2.069)  (33.882, 2.345)  (-32.001, 6.000)  (32.047, 6.228)
step= 5  t=5.000  (-30.043, -6.194)  (30.068, -6.261)  (-30.808, -1.994)  (30.455, -2.041)  (-31.523, 2.067)  (31.883, 2.336)  (-30.001, 6.000)  (30.047, 6.222)
step= 6  t=6.000  (-28.044, -6.189)  (28.068, -6.254)  (-28.808, -1.994)  (28.455, -2.040)  (-29.523, 2.065)  (29.883, 2.326)  (-28.002, 6.000)  (28.047, 6.216)
step= 7  t=7.000  (-26.044, -6.183)  (26.068, -6.246)  (-26.808, -1.994)  (26.455, -2.039)  (-27.524, 2.063)  (27.884, 2.317)  (-26.002, 6.000)  (26.047, 6.209)
step= 8  t=8.000  (-24.044, -6.178)  (24.069, -6.239)  (-24.808, -1.994)  (24.455, -2.038)  (-25.524, 2.062)  (25.884, 2.308)  (-24.002, 6.000)  (24.048, 6.203)
step= 9  t=9.000  (-22.045, -6.172)  (22.069, -6.231)  (-22.808, -1.994)  (22.456, -2.037)  (-23.524, 2.060)  (23.884, 2.298)  (-22.003, 6.000)  (22.048, 6.197)
step= 10  t=10.000  (-20.045, -6.167)  (20.069, -6.224)  (-20.808, -1.995)  (20.456, -2.036)  (-21.524, 2.058)  (21.885, 2.289)  (-20.003, 6.000)  (20.048, 6.190)
step= 11  t=11.000  (-18.045, -6.161)  (18.069, -6.217)  (-18.808, -1.995)  (18.456, -2.034)  (-19.524, 2.056)  (19.885, 2.280)  (-18.003, 6.000)  (18.049, 6.184)
step= 12  t=12.000  (-16.045, -6.156)  (16.070, -6.209)  (-16.809, -1.995)  (16.456, -2.033)  (-17.525, 2.054)  (17.886, 2.270)  (-16.003, 6.000)  (16.049, 6.178)
step= 13  t=13.000  (-14.046, -6.150)  (14.070, -6.202)  (-14.809, -1.995)  (14.457, -2.032)  (-15.525, 2.052)  (15.886, 2.261)  (-14.004, 6.000)  (14.049, 6.171)
step= 14  t=14.000  (-12.046, -6.144)  (12.070, -6.194)  (-12.809, -1.995)  (12.457, -2.031)  (-13.525, 2.050)  (13.886, 2.252)  (-12.004, 6.000)  (12.049, 6.165)
step= 15  t=15.000  (-10.046, -6.139)  (10.070, -6.187)  (-10.809, -1.995)  (10.457, -2.030)  (-11.525, 2.048)  (11.887, 2.242)  (-10.004, 6.000)  (10.050, 6.159)
step= 16  t=16.000  (-8.047, -6.133)  (8.071, -6.179)  (-8.809, -1.996)  (8.457, -2.029)  (-9.526, 2.047)  (9.887, 2.233)  (-8.005, 6.000)  (8.050, 6.152)
step= 17  t=17.000  (-6.047, -6.128)  (6.071, -6.172)  (-6.809, -1.996)  (6.458, -2.027)  (-7.526, 2.045)  (7.888, 2.224)  (-6.005, 6.000)  (6.050, 6.146)
step= 18  t=18.000  (-4.047, -6.122)  (4.071, -6.164)  (-4.809, -1.996)  (4.458, -2.026)  (-5.526, 2.043)  (5.888, 2.214)  (-4.005, 6.000)  (4.051, 6.140)
step= 19  t=19.000  (-3.256, -6.106)  (6.005, -6.676)  (-3.810, -1.994)  (3.332, -2.028)  (-3.526, 2.041)  (3.888, 2.205)  (-2.936, 5.979)  (2.858, 6.151)
step= 20  t=20.000  (-1.371, -6.381)  (6.708, -7.241)  (-3.714, -1.992)  (3.172, -2.032)  (-1.581, 1.578)  (2.689, 2.215)  (-3.002, 5.920)  (2.816, 6.196)
step= 21  t=21.000  (0.629, -6.362)  (6.092, -8.838)  (-3.379, -1.903)  (2.781, -2.058)  (-0.652, 1.246)  (2.127, 2.271)  (-2.761, 5.707)  (2.481, 6.308)
step= 22  t=22.000  (2.628, -6.344)  (4.217, -9.469)  (-3.050, -1.720)  (2.415, -2.292)  (-0.084, 0.959)  (2.020, 2.272)  (-2.531, 5.549)  (1.458, 7.090)
step= 23  t=23.000  (4.628, -6.326)  (2.224, -9.313)  (-2.568, -1.562)  (1.303, -2.982)  (1.250, 0.340)  (1.866, 2.340)  (-1.960, 5.692)  (-0.465, 7.642)
step= 24  t=24.000  (6.628, -6.307)  (0.231, -9.157)  (-1.538, -1.550)  (-0.065, -3.482)  (3.162, 0.022)  (1.264, 2.553)  (-0.056, 5.825)  (-2.415, 8.084)
step= 25  t=25.000  (8.627, -6.289)  (-1.763, -9.000)  (0.120, -1.538)  (-1.637, -3.852)  (5.159, 0.129)  (-0.529, 2.618)  (1.943, 5.834)  (-4.412, 7.973)
step= 26  t=26.000  (10.627, -6.270)  (-3.756, -8.844)  (2.119, -1.561)  (-3.632, -3.753)  (7.156, 0.236)  (-2.528, 2.586)  (3.942, 5.842)  (-6.409, 7.863)
step= 27  t=27.000  (12.627, -6.252)  (-5.749, -8.687)  (4.118, -1.584)  (-5.630, -3.657)  (9.153, 0.344)  (-4.527, 2.554)  (5.942, 5.851)  (-8.405, 7.752)
step= 28  t=28.000  (14.627, -6.234)  (-7.743, -8.531)  (6.117, -1.607)  (-7.628, -3.561)  (11.149, 0.451)  (-6.527, 2.523)  (7.941, 5.860)  (-10.402, 7.641)
step= 29  t=29.000  (16.626, -6.215)  (-9.737, -8.374)  (8.117, -1.631)  (-9.625, -3.465)  (13.146, 0.558)  (-8.526, 2.492)  (9.941, 5.868)  (-12.399, 7.530)
step= 30  t=30.000  (18.626, -6.197)  (-11.731, -8.218)  (10.116, -1.654)  (-11.623, -3.368)  (15.143, 0.665)  (-10.526, 2.461)  (11.941, 5.877)  (-14.395, 7.420)
step= 31  t=31.000  (20.626, -6.178)  (-13.724, -8.062)  (12.116, -1.677)  (-13.620, -3.272)  (17.140, 0.773)  (-12.525, 2.429)  (13.940, 5.886)  (-16.392, 7.309)
step= 32  t=32.000  (22.626, -6.160)  (-15.718, -7.905)  (14.116, -1.700)  (-15.618, -3.176)  (19.137, 0.880)  (-14.525, 2.398)  (15.940, 5.895)  (-18.389, 7.198)
step= 33  t=33.000  (24.625, -6.142)  (-17.712, -7.749)  (16.115, -1.723)  (-17.615, -3.079)  (21.134, 0.987)  (-16.524, 2.367)  (17.940, 5.903)  (-20.386, 7.088)
step= 34  t=34.000  (26.625, -6.123)  (-19.706, -7.592)  (18.115, -1.746)  (-19.613, -2.983)  (23.131, 1.094)  (-18.524, 2.336)  (19.940, 5.912)  (-22.382, 6.977)
step= 35  t=35.000  (28.625, -6.105)  (-21.699, -7.436)  (20.115, -1.770)  (-21.610, -2.887)  (25.128, 1.201)  (-20.523, 2.304)  (21.939, 5.921)  (-24.379, 6.866)
step= 36  t=36.000  (30.624, -6.086)  (-23.693, -7.279)  (22.114, -1.793)  (-23.608, -2.790)  (27.125, 1.309)  (-22.522, 2.273)  (23.939, 5.930)  (-26.376, 6.755)
step= 37  t=37.000  (32.624, -6.068)  (-25.687, -7.123)  (24.114, -1.816)  (-25.605, -2.694)  (29.122, 1.416)  (-24.522, 2.242)  (25.939, 5.938)  (-28.373, 6.645)
step= 38  t=38.000  (34.624, -6.049)  (-27.680, -6.967)  (26.113, -1.839)  (-27.603, -2.598)  (31.119, 1.523)  (-26.522, 2.211)  (27.939, 5.947)  (-30.369, 6.534)
step= 39  t=39.000  (36.624, -6.031)  (-29.674, -6.810)  (28.113, -1.862)  (-29.600, -2.501)  (33.116, 1.630)  (-28.521, 2.179)  (29.939, 5.956)  (-32.366, 6.423)
step= 40  t=40.000  (38.623, -6.013)  (-31.668, -6.654)  (30.113, -1.885)  (-31.598, -2.405)  (35.113, 1.738)  (-30.521, 2.148)  (31.938, 5.965)  (-34.363, 6.313)
step= 41  t=41.000  (40.013, -6.005)  (-33.661, -6.497)  (32.112, -1.908)  (-33.595, -2.309)  (37.110, 1.845)  (-32.520, 2.117)  (33.938, 5.973)  (-36.360, 6.202)
step= 42  t=42.000  (40.630, -6.529)  (-35.655, -6.341)  (34.112, -1.932)  (-35.593, -2.213)  (39.106, 1.952)  (-34.520, 2.086)  (35.938, 5.982)  (-38.356, 6.091)
step= 43  t=43.000  (39.941, -6.373)  (-37.649, -6.184)  (36.112, -1.955)  (-37.590, -2.116)  (40.733, 1.939)  (-36.519, 2.054)  (37.937, 5.991)  (-40.035, 6.029)
step= 44  t=44.000  (39.991, -6.016)  (-39.642, -6.028)  (38.111, -1.978)  (-39.588, -2.020)  (41.990, 1.990)  (-38.519, 2.023)  (39.937, 6.000)  (-40.330, 6.567)
step= 45  t=45.000  (40.000, -6.000)  (-40.000, -6.000)  (40.000, -2.000)  (-41.235, -2.027)  (41.770, 3.048)  (-40.000, 2.000)  (40.574, 6.774)  (-40.000, 6.000)
step= 46  t=46.000  (40.000, -6.000)  (-40.000, -6.000)  (40.000, -2.000)  (-42.303, -2.263)  (40.092, 3.092)  (-40.000, 2.000)  (41.206, 7.365)  (-40.000, 6.000)
step= 47  t=47.000  (40.000, -6.000)  (-40.000, -6.000)  (40.000, -2.000)  (-42.908, -2.302)  (39.251, 2.685)  (-40.000, 2.000)  (41.175, 6.638)  (-40.000, 6.000)
step= 48  t=48.000  (40.000, -6.000)  (-40.000, -6.000)  (40.000, -2.000)  (-42.968, -2.019)  (38.877, 2.038)  (-40.000, 2.000)  (40.678, 6.167)  (-40.000, 6.000)
step= 49  t=49.000  (40.000, -6.000)  (-40.000, -6.000)  (40.000, -2.000)  (-42.615, -1.909)  (38.958, 1.516)  (-40.000, 2.000)  (40.000, 6.000)  (-40.000, 6.000)
step= 50  t=50.000  (40.000, -6.000)  (-40.000, -6.000)  (40.000, -2.000)  (-41.561, -2.177)  (40.045, 1.891)  (-40.000, 2.000)  (40.000, 6.000)  (-40.000, 6.000)
step= 51  t=51.000  (40.000, -6.000)  (-40.000, -6.000)  (40.000, -2.000)  (-40.000, -2.000)  (40.278, 1.903)  (-40.000, 2.000)  (40.000, 6.000)  (-40.000, 6.000)
step= 52  t=52.000  (40.000, -6.000)  (-40.000, -6.000)  (40.000, -2.000)  (-40.000, -2.000)  (40.147, 1.919)  (-40.000, 2.000)  (40.000, 6.000)  (-40.000, 6.000)
step= 53  t=53.000  (40.000, -6.000)  (-40.000, -6.000)  (40.000, -2.000)  (-40.000, -2.000)  (40.000, 2.000)  (-40.000, 2.000)  (40.000, 6.000)  (-40.000, 6.000)
