step= 0  t=0.000  (1.999, -0.000)  (-1.999, -0.000)  (1.999, 0.000)  (-1.999, -0.000)  (1.999, 0.000)  (-1.999, 0.000)  (1.999, 0.000)  (-1.999, 0.000)
step= 1  t=1.000  (1.999, -0.000)  (-1.999, -0.000)  (1.999, -0.000)  (-1.999, -0.000)  (1.999, 0.000)  (-1.999, 0.000)  (1.999, 0.000)  (-1.999, 0.000)
step= 2  t=2.000  (1.999, -0.000)  (-1.999, -0.000)  (1.999, -0.000)  (-1.999, -0.000)  (1.999, 0.000)  (-1.999, 0.000)  (1.999, 0.000)  (-1.999, 0.000)
step= 3  t=3.000  (1.999, -0.000)  (-1.999, -0.000)  (1.999, -0.000)  (-1.999, -0.000)  (1.999, 0.000)  (-1.999, 0.000)  (1.999, 0.000)  (-1.999, 0.000)
step= 4  t=4.000  (1.999, -0.000)  (-1.999, -0.000)  (1.999, 0.000)  (-1.999, -0.000)  (1.999, 0.000)  (-1.999, 0.000)  (1.999, 0.000)  (-1.999, 0.000)
step= 5  t=5.000  (1.999, -0.000)  (-1.999, -0.000)  (1.999, -0.000)  (-1.999, -0.000)  (1.999, 0.000)  (-1.999, 0.000)  (1.999, 0.000)  (-1.999, 0.000)
step= 6  t=6.000  (1.999, -0.000)  (-1.999, -0.000)  (1.999, -0.000)  (-1.999, -0.000)  (1.999, 0.000)  (-1.999, 0.000)  (1.999, 0.000)  (-1.999, 0.000)
step= 7  t=7.000  (1.999, -0.000)  (-1.999, -0.000)  (1.999, -0.000)  (-1.999, -0.000)  (1.999, 0.000)  (-1.999, 0.000)  (1.999, 0.000)  (-1.999, 0.000)
step= 8  t=8.000  (1.999, -0.000)  (-1.999, -0.000)  (1.999, 0.000)  (-1.999, -0.000)  (1.999, 0.000)  (-1.999, 0.000)  (1.999, 0.000)  (-1.999, 0.000)
step= 9  t=9.000  (1.999, -0.000)  (-1.999, -0.000)  (1.999, -0.000)  (-1.999, -0.000)  (1.999, 0.000)  (-1.999, 0.000)  (1.999, 0.000)  (-1.999, 0.000)
step= 10  t=10.000  (1.999, -0.000)  (-1.999, -0.000)  (1.999, -0.000)  (-1.999, -0.000)  (1.999, 0.000)  (-1.999, 0.000)  (1.999, 0.000)  (-1.999, 0.000)
step= 11  t=11.000  (1.999, -0.000)  (-1.999, -0.000)  (1.999, -0.000)  (-1.999, -0.000)  (1.999, 0.000)  (-1.999, 0.000)  (1.999, 0.000)  (-1.999, 0.000)
step= 12  t=12.000  (1.999, -0.000)  (-1.999, -0.000)  (1.999, -0.000)  (-1.999, -0.000)  (1.999, 0.000)  (-1.999, 0.000)  (1.999, 0.000)  (-1.999, 0.000)
step= 13  t=13.000  (1.999, -0.000)  (-1.999, -0.000)  (1.999, -0.000)  (-1.999, -0.000)  (1.999, 0.000)  (-1.999, 0.000)  (1.999, 0.000)  (-1.999, 0.000)
step= 14  t=14.000  (1.999, -0.000)  (-1.999, -0.000)  (1.999, -0.000)  (-1.999, -0.000)  (1.999, 0.000)  (-1.999, 0.000)  (1.999, 0.000)  (-1.999, 0.000)
step= 15  t=15.000  (1.999, -0.000)  (-1.999, -0.000)  (1.999, -0.000)  (-1.999, -0.000)  (1.999, 0.000)  (-1.999, 0.000)  (1.999, 0.000)  (-1.999, 0.000)
step= 16  t=16.000  (1.999, -0.000)  (-1.999, -0.000)  (1.999, -0.000)  (-1.999, -0.000)  (1.999, 0.000)  (-1.999, 0.000)  (1.999, 0.000)  (-1.999, 0.000)
step= 17  t=17.000  (1.999, -0.000)  (-1.999, -0.000)  (1.999, -0.000)  (-1.999, -0.000)  (1.999, 0.000)  (-1.999, 0.000)  (1.999, 0.000)  (-1.999, 0.000)
step= 18  t=18.000  (1.879, -0.471)  (-1.876, -0.481)  (-0.021, 0.025)  (0.020, -0.030)  (0.155, 0.027)  (-0.002, 0.031)  (-0.277, 0.081)  (-1.875, 0.485)
step= 19  t=19.000  (1.356, -1.186)  (-1.358, -1.196)  (0.507, 0.019)  (-0.488, -0.010)  (0.568, 0.023)  (-0.402, -0.065)  (0.065, -0.008)  (-1.865, 0.497)
step= 20  t=20.000  (1.998, 0.081)  (-1.998, 0.082)  (0.438, -0.066)  (-0.407, 0.092)  (1.059, 0.745)  (-0.434, -0.176)  (0.371, -0.078)  (-1.859, 0.496)
step= 21  t=21.000  (1.998, 0.081)  (-1.997, 0.082)  (1.271, -0.822)  (-0.328, 0.074)  (1.885, 0.563)  (-1.009, -0.079)  (0.623, -0.137)  (-1.849, 0.503)
step= 22  t=22.000  (1.998, 0.081)  (-1.997, 0.082)  (1.833, -0.671)  (-0.713, -0.121)  (1.921, 0.450)  (-1.984, -0.092)  (1.320, -0.119)  (-1.996, -0.108)
step= 23  t=23.000  (1.997, 0.081)  (-1.997, 0.082)  (1.794, -0.701)  (-1.346, 0.086)  (1.997, -0.094)  (-1.999, 0.019)  (1.725, -0.057)  (-1.996, -0.108)
step= 24  t=24.000  (1.997, 0.081)  (-1.997, 0.082)  (1.983, 0.112)  (-1.859, -0.068)  (1.997, -0.094)  (-1.999, 0.019)  (1.999, 0.016)  (-1.996, -0.108)
step= 25  t=25.000  (1.997, 0.081)  (-1.997, 0.082)  (1.996, 0.116)  (-1.999, -0.001)  (1.997, -0.094)  (-1.999, 0.019)  (1.999, 0.016)  (-1.996, -0.108)
step= 26  t=26.000  (1.997, 0.081)  (-1.997, 0.082)  (1.996, 0.116)  (-1.999, -0.001)  (1.997, -0.094)  (-1.999, 0.019)  (1.999, 0.016)  (-1.996, -0.108)
step= 27  t=27.000  (1.997, 0.081)  (-1.997, 0.082)  (1.996, 0.116)  (-1.999, -0.001)  (1.997, -0.094)  (-1.999, 0.019)  (1.999, 0.016)  (-1.996, -0.108)
step= 28  t=28.000  (1.997, 0.081)  (-1.997, 0.082)  (1.996, 0.116)  (-1.999, -0.001)  (1.997, -0.094)  (-1.999, 0.019)  (1.999, 0.016)  (-1.996, -0.108)
step= 29  t=29.000  (1.997, 0.081)  (-1.997, 0.082)  (1.996, 0.116)  (-1.999, -0.001)  (1.997, -0.094)  (-1.999, 0.019)  (1.999, 0.016)  (-1.996, -0.108)
step= 30  t=30.000  (1.997, 0.081)  (-1.997, 0.082)  (1.996, 0.116)  (-1.999, -0.001)  (1.997, -0.094)  (-1.999, 0.019)  (1.999, 0.016)  (-1.996, -0.108)
step= 31  t=31.000  (1.997, 0.081)  (-1.997, 0.082)  (1.996, 0.116)  (-1.999, -0.001)  (1.997, -0.094)  (-1.999, 0.019)  (1.999, 0.016)  (-1.996, -0.108)
step= 32  t=32.000  (1.997, 0.081)  (-1.997, 0.082)  (1.996, 0.116)  (-1.999, -0.001)  (1.997, -0.094)  (-1.999, 0.019)  (1.999, 0.016)  (-1.996, -0.108)
step= 33  t=33.000  (1.997, 0.081)  (-1.997, 0.082)  (1.996, 0.116)  (-1.999, -0.001)  (1.997, -0.094)  (-1.999, 0.019)  (1.999, 0.016)  (-1.996, -0.108)
step= 34  t=34.000  (1.997, 0.081)  (-1.997, 0.082)  (1.996, 0.116)  (-1.999, -0.001)  (1.997, -0.094)  (-1.999, 0.019)  (1.999, 0.016)  (-1.996, -0.108)
step= 35  t=35.000  (1.997, 0.081)  (-1.997, 0.082)  (1.996, 0.116)  (-1.999, -0.001)  (1.997, -0.094)  (-1.999, 0.019)  (1.999, 0.016)  (-1.996, -0.108)
step= 36  t=36.000  (1.997, 0.081)  (-1.997, 0.082)  (1.996, 0.116)  (-1.999, -0.001)  (1.997, -0.094)  (-1.999, 0.019)  (1.999, 0.016)  (-1.996, -0.108)
step= 37  t=37.000  (1.997, 0.081)  (-1.997, 0.082)  (1.996, 0.116)  (-1.999, -0.001)  (1.997, -0.094)  (-1.999, 0.019)  (1.999, 0.016)  (-1.996, -0.108)
step= 38  t=38.000  (1.997, 0.081)  (-1.997, 0.082)  (1.996, 0.116)  (-1.999, -0.001)  (1.997, -0.094)  (-1.999, 0.019)  (1.999, 0.016)  (-1.996, -0.108)
step= 39  t=39.000  (1.997, 0.081)  (-1.997, 0.082)  (1.996, 0.116)  (-1.999, -0.001)  (1.997, -0.094)  (-1.999, 0.019)  (1.999, 0.016)  (-1.996, -0.108)
step= 40  t=40.000  (1.225, -0.267)  (-1.273, -0.156)  (1.996, 0.116)  (-1.999, -0.001)  (1.997, -0.094)  (-1.999, 0.019)  (1.999, 0.016)  (-1.300, 0.341)
step= 41  t=41.000  (-0.390, 0.083)  (0.007, -0.531)  (1.996, 0.116)  (-1.999, -0.001)  (1.997, -0.094)  (-1.999, 0.019)  (1.999, 0.016)  (0.566, 0.258)
step= 42  t=42.000  (-0.004, 0.217)  (0.556, 0.458)  (1.996, 0.116)  (-1.999, -0.001)  (1.596, -0.017)  (-1.999, 0.019)  (1.999, 0.016)  (0.140, -0.584)
step= 43  t=43.000  (0.000, 0.000)  (-0.124, 0.263)  (1.125, 0.008)  (-1.999, -0.001)  (0.574, -0.069)  (-1.262, 0.300)  (1.999, 0.016)  (-0.043, -0.049)
step= 44  t=44.000  (0.000, 0.000)  (0.000, 0.000)  (0.623, -0.061)  (-1.132, -0.003)  (-1.178, 0.691)  (-0.566, -0.122)  (0.601, 0.501)  (0.000, 0.000)
step= 45  t=45.000  (0.000, 0.000)  (0.000, 0.000)  (0.044, 0.639)  (-0.712, -0.105)  (-0.771, -0.166)  (0.032, -0.185)  (0.166, -0.136)  (0.000, 0.000)
step= 46  t=46.000  (0.000, 0.000)  (0.000, 0.000)  (-0.358, 0.306)  (-0.407, -0.061)  (-0.409, -0.421)  (1.352, -0.236)  (-0.362, -0.204)  (0.000, 0.000)
step= 47  t=47.000  (0.000, 0.000)  (0.000, 0.000)  (-0.374, 0.029)  (0.065, 0.338)  (-0.396, -0.140)  (0.671, -0.065)  (-0.201, -0.160)  (0.000, 0.000)
step= 48  t=48.000  (0.000, 0.000)  (0.000, 0.000)  (-0.967, -0.382)  (0.396, 0.106)  (-0.180, -0.040)  (0.363, 0.169)  (0.000, 0.000)  (0.000, 0.000)
step= 49  t=49.000  (0.000, 0.000)  (0.000, 0.000)  (-0.546, -0.198)  (0.884, -0.275)  (0.659, -0.169)  (0.023, 0.123)  (0.000, 0.000)  (0.000, 0.000)
step= 50  t=50.000  (0.000, 0.000)  (0.000, 0.000)  (-0.239, 0.055)  (0.000, 0.000)  (0.603, 0.292)  (-0.799, -0.013)  (0.000, 0.000)  (0.000, 0.000)
step= 51  t=51.000  (0.000, 0.000)  (0.000, 0.000)  (0.266, 0.233)  (0.000, 0.000)  (0.178, 0.019)  (-0.215, -0.138)  (0.000, 0.000)  (0.000, 0.000)
step= 52  t=52.000  (0.000, 0.000)  (0.000, 0.000)  (0.810, -0.099)  (0.000, 0.000)  (-0.036, 0.026)  (0.168, 0.036)  (0.000, 0.000)  (0.000, 0.000)
step= 53  t=53.000  (0.000, 0.000)  (0.000, 0.000)  (0.545, -0.210)  (0.000, 0.000)  (-0.161, -0.027)  (0.037, 0.133)  (0.000, 0.000)  (0.000, 0.000)
step= 54  t=54.000  (0.000, 0.000)  (0.000, 0.000)  (0.260, 0.038)  (0.000, 0.000)  (0.000, 0.000)  (0.000, 0.000)  (0.000, 0.000)  (0.000, 0.000)
step= 55  t=55.000  (0.000, 0.000)  (0.000, 0.000)  (-0.039, 0.087)  (0.000, 0.000)  (0.000, 0.000)  (0.000, 0.000)  (0.000, 0.000)  (0.000, 0.000)
step= 56  t=56.000  (0.000, 0.000)  (0.000, 0.000)  (-0.437, 0.034)  (0.000, 0.000)  (0.000, 0.000)  (0.000, 0.000)  (0.000, 0.000)  (0.000, 0.000)
step= 57  t=57.000  (0.000, 0.000)  (0.000, 0.000)  (-0.582, -0.262)  (0.000, 0.000)  (0.000, 0.000)  (0.000, 0.000)  (0.000, 0.000)  (0.000, 0.000)
step= 58  t=58.000  (0.000, 0.000)  (0.000, 0.000)  (-0.305, -0.017)  (0.000, 0.000)  (0.000, 0.000)  (0.000, 0.000)  (0.000, 0.000)  (0.000, 0.000)
step= 59  t=59.000  (0.000, 0.000)  (0.000, 0.000)  (-0.031, 0.087)  (0.000, 0.000)  (0.000, 0.000)  (0.000, 0.000)  (0.000, 0.000)  (0.000, 0.000)
step= 60  t=60.000  (0.000, 0.000)  (0.000, 0.000)  (0.411, 0.065)  (0.000, 0.000)  (0.000, 0.000)  (0.000, 0.000)  (0.000, 0.000)  (0.000, 0.000)
step= 61  t=61.000  (0.000, 0.000)  (0.000, 0.000)  (0.284, -0.047)  (0.000, 0.000)  (0.000, 0.000)  (0.000, 0.000)  (0.000, 0.000)  (0.000, 0.000)
step= 62  t=62.000  (0.000, 0.000)  (0.000, 0.000)  (0.040, 0.029)  (0.000, 0.000)  (0.000, 0.000)  (0.000, 0.000)  (0.000, 0.000)  (0.000, 0.000)
step= 63  t=63.000  (0.000, 0.000)  (0.000, 0.000)  (-0.209, -0.017)  (0.000, 0.000)  (0.000, 0.000)  (0.000, 0.000)  (0.000, 0.000)  (0.000, 0.000)
step= 64  t=64.000  (0.000, 0.000)  (0.000, 0.000)  (-0.149, -0.071)  (0.000, 0.000)  (0.000, 0.000)  (0.000, 0.000)  (0.000, 0.000)  (0.000, 0.000)
step= 65  t=65.000  (0.000, 0.000)  (0.000, 0.000)  (0.014, -0.036)  (0.000, 0.000)  (0.000, 0.000)  (0.000, 0.000)  (0.000, 0.000)  (0.000, 0.000)
step= 66  t=66.000  (0.000, 0.000)  (0.000, 0.000)  (0.090, -0.065)  (0.000, 0.000)  (0.000, 0.000)  (0.000, 0.000)  (0.000, 0.000)  (0.000, 0.000)
step= 67  t=67.000  (0.000, 0.000)  (0.000, 0.000)  (0.019, -0.066)  (0.000, 0.000)  (0.000, 0.000)  (0.000, 0.000)  (0.000, 0.000)  (0.000, 0.000)
step= 68  t=68.000  (0.000, 0.000)  (0.000, 0.000)  (-0.018, -0.062)  (0.000, 0.000)  (0.000, 0.000)  (0.000, 0.000)  (0.000, 0.000)  (0.000, 0.000)
