step= 0  t=0.000  (1.999, -0.000)  (-1.999, -0.000)  (1.999, 0.000)  (-1.999, 0.000)  (1.999, 0.000)  (-1.999, 0.000)  (1.999, 0.000)  (-1.999, 0.000)
step= 1  t=1.000  (1.999, -0.000)  (-1.999, -0.000)  (1.999, -0.000)  (-1.999, -0.000)  (1.999, 0.000)  (-1.999, 0.000)  (1.999, 0.000)  (-1.999, 0.000)
step= 2  t=2.000  (1.999, -0.000)  (-1.999, -0.000)  (1.999, -0.000)  (-1.999, -0.000)  (1.999, 0.000)  (-1.999, 0.000)  (1.999, 0.000)  (-1.999, 0.000)
step= 3  t=3.000  (1.999, -0.000)  (-1.999, -0.000)  (1.999, -0.000)  (-1.999, -0.000)  (1.999, 0.000)  (-1.999, 0.000)  (1.999, 0.000)  (-1.999, 0.000)
step= 4  t=4.000  (1.999, -0.000)  (-1.999, -0.000)  (1.999, -0.000)  (-1.999, -0.000)  (1.999, 0.000)  (-1.999, 0.000)  (1.999, 0.000)  (-1.999, 0.000)
step= 5  t=5.000  (1.999, -0.000)  (-1.999, -0.000)  (1.999, -0.000)  (-1.999, -0.000)  (1.999, 0.000)  (-1.999, 0.000)  (1.999, 0.000)  (-1.999, 0.000)
step= 6  t=6.000  (1.999, -0.000)  (-1.999, -0.000)  (1.999, -0.000)  (-1.999, -0.000)  (1.999, 0.000)  (-1.999, 0.000)  (1.999, 0.000)  (-1.999, 0.000)
step= 7  t=7.000  (1.999, -0.000)  (-1.999, -0.000)  (1.999, -0.000)  (-1.999, -0.000)  (1.999, 0.000)  (-1.999, 0.000)  (1.999, 0.000)  (-1.999, 0.000)
step= 8  t=8.000  (1.999, -0.000)  (-1.999, -0.000)  (1.999, -0.000)  (-1.999, -0.000)  (1.999, 0.000)  (-1.999, 0.000)  (1.999, 0.000)  (-1.999, 0.000)
step= 9  t=9.000  (1.999, -0.000)  (-1.999, -0.000)  (1.999, -0.000)  (-1.999, -0.000)  (1.999, 0.000)  (-1.999, 0.000)  (1.999, 0.000)  (-1.999, 0.000)
step= 10  t=10.000  (1.999, -0.000)  (-1.999, -0.000)  (1.999, -0.000)  (-1.999, -0.000)  (1.999, 0.000)  (-1.999, 0.000)  (1.999, 0.000)  (-1.999, 0.000)
step= 11  t=11.000  (1.999, -0.000)  (-1.999, -0.000)  (1.999, -0.000)  (-1.999, -0.000)  (1.999, 0.000)  (-1.999, 0.000)  (1.999, 0.000)  (-1.999, 0.000)
step= 12  t=12.000  (1.999, -0.000)  (-1.999, -0.000)  (1.999, -0.000)  (-1.999, -0.000)  (1.999, 0.000)  (-1.999, 0.000)  (1.999, 0.000)  (-1.999, 0.000)
step= 13  t=13.000  (1.999, -0.000)  (-1.999, -0.000)  (1.999, -0.000)  (-1.999, -0.000)  (1.999, 0.000)  (-1.999, 0.000)  (1.999, 0.000)  (-1.999, 0.000)
step= 14  t=14.000  (1.999, -0.000)  (-1.999, -0.000)  (1.999, -0.000)  (-1.999, -0.000)  (1.999, 0.000)  (-1.999, 0.000)  (1.999, 0.000)  (-1.999, 0.000)
step= 15  t=15.000  (1.999, -0.000)  (-1.999, -0.000)  (1.999, -0.000)  (-1.999, -0.000)  (1.999, 0.000)  (-1.999, 0.000)  (1.999, 0.000)  (-1.999, 0.000)
step= 16  t=16.000  (1.999, -0.000)  (-1.999, -0.000)  (1.999, -0.000)  (-1.999, -0.000)  (1.999, 0.000)  (-1.999, 0.000)  (1.999, 0.000)  (-1.999, 0.000)
step= 17  t=17.000  (1.999, -0.000)  (-1.999, -0.000)  (1.999, -0.000)  (-1.999, -0.000)  (1.999, 0.000)  (-1.999, 0.000)  (1.999, 0.000)  (-1.999, 0.000)
step= 18  t=18.000  (1.682, -0.731)  (-0.000, 0.000)  (0.000, 0.000)  (-0.000, 0.000)  (0.000, -0.000)  (-0.000, -0.000)  (0.000, -0.000)  (-1.682, 0.731)
step= 19  t=19.000  (1.670, -0.725)  (-0.153, 0.066)  (0.402, -0.000)  (-0.402, 0.000)  (0.402, -0.000)  (-0.402, 0.000)  (0.153, -0.066)  (-1.670, 0.725)
step= 20  t=20.000  (1.655, -0.719)  (-0.227, 0.099)  (0.335, -0.000)  (-0.335, 0.000)  (0.335, -0.000)  (-0.335, 0.000)  (0.227, -0.099)  (-1.655, 0.719)
step= 21  t=21.000  (1.639, -0.712)  (-0.250, 0.109)  (0.279, -0.001)  (-0.279, 0.001)  (0.279, -0.001)  (-0.279, 0.001)  (0.250, -0.109)  (-1.639, 0.712)
step= 22  t=22.000  (1.963, -0.375)  (-0.708, -0.221)  (0.232, -0.012)  (-0.233, 0.015)  (0.233, -0.015)  (-0.232, 0.012)  (0.708, 0.221)  (-1.963, 0.375)
step= 23  t=23.000  (1.990, 0.183)  (-1.999, -0.005)  (0.203, -0.129)  (-0.199, 0.080)  (0.199, -0.080)  (-0.203, 0.129)  (1.999, 0.005)  (-1.990, -0.183)
step= 24  t=24.000  (1.990, 0.183)  (-1.999, -0.002)  (0.270, -0.269)  (-0.224, 0.143)  (0.224, -0.143)  (-0.270, 0.269)  (1.999, 0.002)  (-1.990, -0.183)
step= 25  t=25.000  (1.990, 0.183)  (-1.999, -0.002)  (0.674, -0.522)  (-0.206, 0.099)  (0.206, -0.099)  (-0.674, 0.522)  (1.999, 0.002)  (-1.990, -0.183)
step= 26  t=26.000  (1.991, 0.183)  (-1.999, -0.002)  (1.292, -0.958)  (-0.177, 0.078)  (0.177, -0.078)  (-1.292, 0.958)  (1.999, 0.002)  (-1.991, -0.183)
step= 27  t=27.000  (1.991, 0.183)  (-1.999, -0.002)  (1.268, -0.941)  (-0.153, 0.061)  (0.153, -0.061)  (-1.268, 0.941)  (1.999, 0.002)  (-1.991, -0.183)
step= 28  t=28.000  (1.991, 0.183)  (-1.999, -0.002)  (1.979, -0.287)  (-0.983, -0.606)  (0.983, 0.606)  (-1.979, 0.287)  (1.999, 0.002)  (-1.991, -0.183)
step= 29  t=29.000  (1.991, 0.183)  (-1.999, -0.002)  (1.992, 0.168)  (-1.972, -0.030)  (1.972, 0.030)  (-1.992, -0.168)  (1.999, 0.002)  (-1.991, -0.183)
step= 30  t=30.000  (1.991, 0.183)  (-1.999, -0.002)  (1.992, 0.168)  (-1.999, 0.008)  (1.999, -0.008)  (-1.992, -0.168)  (1.999, 0.002)  (-1.991, -0.183)
step= 31  t=31.000  (1.991, 0.183)  (-1.999, -0.002)  (1.992, 0.168)  (-1.999, 0.008)  (1.999, -0.008)  (-1.992, -0.168)  (1.999, 0.002)  (-1.991, -0.183)
step= 32  t=32.000  (1.991, 0.183)  (-1.999, -0.002)  (1.992, 0.168)  (-1.999, 0.008)  (1.999, -0.008)  (-1.992, -0.168)  (1.999, 0.002)  (-1.991, -0.183)
step= 33  t=33.000  (1.991, 0.183)  (-1.999, -0.002)  (1.992, 0.168)  (-1.999, 0.008)  (1.999, -0.008)  (-1.992, -0.168)  (1.999, 0.002)  (-1.991, -0.183)
step= 34  t=34.000  (1.991, 0.183)  (-1.999, -0.002)  (1.992, 0.168)  (-1.999, 0.008)  (1.999, -0.008)  (-1.992, -0.168)  (1.999, 0.002)  (-1.991, -0.183)
step= 35  t=35.000  (1.991, 0.183)  (-1.999, -0.002)  (1.992, 0.168)  (-1.999, 0.008)  (1.999, -0.008)  (-1.992, -0.168)  (1.999, 0.002)  (-1.991, -0.183)
step= 36  t=36.000  (1.991, 0.183)  (-1.999, -0.002)  (1.992, 0.168)  (-1.999, 0.008)  (1.999, -0.008)  (-1.992, -0.168)  (1.999, 0.002)  (-1.991, -0.183)
step= 37  t=37.000  (1.991, 0.183)  (-1.999, -0.002)  (1.992, 0.168)  (-1.999, 0.008)  (1.999, -0.008)  (-1.992, -0.168)  (1.999, 0.002)  (-1.991, -0.183)
step= 38  t=38.000  (1.991, 0.183)  (-1.999, -0.002)  (1.992, 0.168)  (-1.999, 0.008)  (1.999, -0.008)  (-1.992, -0.168)  (1.999, 0.002)  (-1.991, -0.183)
step= 39  t=39.000  (1.991, 0.183)  (-1.999, -0.002)  (1.992, 0.168)  (-1.999, 0.008)  (1.999, -0.008)  (-1.992, -0.168)  (1.999, 0.002)  (-1.991, -0.183)
step= 40  t=40.000  (1.564, 0.144)  (-1.999, -0.002)  (1.992, 0.168)  (-1.999, 0.008)  (1.999, -0.008)  (-1.992, -0.168)  (1.999, 0.002)  (-1.564, -0.144)
step= 41  t=41.000  (0.000, 0.000)  (-1.999, -0.002)  (1.992, 0.168)  (-1.999, 0.008)  (1.999, -0.008)  (-1.992, -0.168)  (1.999, 0.002)  (0.000, 0.000)
step= 42  t=42.000  (0.000, 0.000)  (-1.999, -0.002)  (1.992, 0.168)  (-1.999, 0.008)  (1.999, -0.008)  (-1.992, -0.168)  (1.999, 0.002)  (0.000, 0.000)
step= 43  t=43.000  (0.000, 0.000)  (-1.999, -0.002)  (1.992, 0.168)  (-1.999, 0.008)  (1.999, -0.008)  (-1.992, -0.168)  (1.999, 0.002)  (0.000, 0.000)
step= 44  t=44.000  (0.000, 0.000)  (-0.694, -0.001)  (1.992, 0.168)  (-1.999, 0.008)  (1.999, -0.008)  (-1.992, -0.168)  (0.694, 0.001)  (0.000, 0.000)
step= 45  t=45.000  (0.000, 0.000)  (0.000, 0.000)  (1.992, 0.168)  (-1.999, 0.008)  (1.999, -0.008)  (-1.992, -0.168)  (0.000, 0.000)  (0.000, 0.000)
step= 46  t=46.000  (0.000, 0.000)  (0.000, 0.000)  (1.992, 0.168)  (-1.999, 0.008)  (1.999, -0.008)  (-1.992, -0.168)  (0.000, 0.000)  (0.000, 0.000)
step= 47  t=47.000  (0.000, 0.000)  (0.000, 0.000)  (1.800, 0.139)  (-1.999, 0.008)  (1.999, -0.008)  (-1.800, -0.139)  (0.000, 0.000)  (0.000, 0.000)
step= 48  t=48.000  (0.000, 0.000)  (0.000, 0.000)  (1.651, 0.095)  (-1.999, 0.008)  (1.999, -0.008)  (-1.651, -0.095)  (0.000, 0.000)  (0.000, 0.000)
step= 49  t=49.000  (0.000, 0.000)  (0.000, 0.000)  (1.481, 0.060)  (-1.082, 0.134)  (1.082, -0.134)  (-1.481, -0.060)  (0.000, 0.000)  (0.000, 0.000)
step= 50  t=50.000  (0.000, 0.000)  (0.000, 0.000)  (1.211, 0.109)  (-0.076, 0.430)  (0.076, -0.430)  (-1.211, -0.109)  (0.000, 0.000)  (0.000, 0.000)
step= 51  t=51.000  (0.000, 0.000)  (0.000, 0.000)  (0.596, 0.353)  (0.436, -0.251)  (-0.436, 0.251)  (-0.596, -0.353)  (0.000, 0.000)  (0.000, 0.000)
step= 52  t=52.000  (0.000, 0.000)  (0.000, 0.000)  (-0.169, 0.090)  (-0.047, -0.205)  (0.047, 0.205)  (0.169, -0.090)  (0.000, 0.000)  (0.000, 0.000)
step= 53  t=53.000  (0.000, 0.000)  (0.000, 0.000)  (-0.792, -0.281)  (-0.101, -0.104)  (0.101, 0.104)  (0.792, 0.281)  (0.000, 0.000)  (0.000, 0.000)
step= 54  t=54.000  (0.000, 0.000)  (0.000, 0.000)  (-1.989, -0.201)  (0.000, 0.000)  (0.000, 0.000)  (1.989, 0.201)  (0.000, 0.000)  (0.000, 0.000)
step= 55  t=55.000  (0.000, 0.000)  (0.000, 0.000)  (-1.989, -0.201)  (0.000, 0.000)  (0.000, 0.000)  (1.989, 0.201)  (0.000, 0.000)  (0.000, 0.000)
step= 56  t=56.000  (0.000, 0.000)  (0.000, 0.000)  (-0.657, -0.202)  (0.000, 0.000)  (0.000, 0.000)  (0.657, 0.202)  (0.000, 0.000)  (0.000, 0.000)
step= 57  t=57.000  (0.000, 0.000)  (0.000, 0.000)  (-0.143, -0.141)  (0.000, 0.000)  (0.000, 0.000)  (0.143, 0.141)  (0.000, 0.000)  (0.000, 0.000)
step= 58  t=58.000  (0.000, 0.000)  (0.000, 0.000)  (0.142, 0.019)  (0.000, 0.000)  (0.000, 0.000)  (-0.142, -0.019)  (0.000, 0.000)  (0.000, 0.000)
step= 59  t=59.000  (0.000, 0.000)  (0.000, 0.000)  (0.082, 0.148)  (0.000, 0.000)  (0.000, 0.000)  (-0.082, -0.148)  (0.000, 0.000)  (0.000, 0.000)
step= 60  t=60.000  (0.000, 0.000)  (0.000, 0.000)  (-0.004, 0.117)  (0.000, 0.000)  (0.000, 0.000)  (0.004, -0.117)  (0.000, 0.000)  (0.000, 0.000)
