Simulation has 8 agents and 0 obstacle vertices in it.
Running simulation
step= 0  t=0.000  (-40.000, -6.000)  (40.000, -6.000)  (-40.000, -2.000)  (40.000, -2.000)  (-40.000, 2.000)  (40.000, 2.000)  (-40.000, 6.000)  (40.000, 6.000)
step= 1  t=1.000  (-38.001, -6.033)  (38.001, -6.033)  (-40.000, -2.000)  (40.000, -2.000)  (-40.000, 2.000)  (40.000, 2.000)  (-38.001, 6.033)  (38.001, 6.033)
step= 2  t=2.000  (-36.002, -6.032)  (36.002, -6.032)  (-38.702, -2.033)  (38.702, -2.033)  (-38.702, 2.033)  (38.702, 2.033)  (-36.002, 6.032)  (36.002, 6.032)
step= 3  t=3.000  (-34.003, -6.032)  (34.003, -6.032)  (-36.703, -2.032)  (36.703, -2.032)  (-36.703, 2.032)  (36.703, 2.032)  (-34.003, 6.032)  (34.003, 6.032)
step= 4  t=4.000  (-32.004, -6.031)  (32.004, -6.031)  (-34.704, -2.060)  (34.704, -2.060)  (-34.704, 2.060)  (34.704, 2.060)  (-32.004, 6.031)  (32.004, 6.031)
step= 5  t=5.000  (-30.005, -6.030)  (30.005, -6.030)  (-32.704, -2.059)  (32.704, -2.059)  (-32.704, 2.059)  (32.704, 2.059)  (-30.005, 6.030)  (30.005, 6.030)
step= 6  t=6.000  (-28.006, -6.029)  (28.006, -6.029)  (-30.705, -2.082)  (30.705, -2.082)  (-30.705, 2.082)  (30.705, 2.082)  (-28.006, 6.029)  (28.006, 6.029)
step= 7  t=7.000  (-26.007, -6.028)  (26.007, -6.028)  (-28.706, -2.080)  (28.706, -2.080)  (-28.706, 2.080)  (28.706, 2.080)  (-26.007, 6.028)  (26.007, 6.028)
step= 8  t=8.000  (-24.008, -6.027)  (24.008, -6.027)  (-26.707, -2.100)  (26.707, -2.100)  (-26.707, 2.100)  (26.707, 2.100)  (-24.008, 6.027)  (24.008, 6.027)
step= 9  t=9.000  (-22.010, -6.027)  (22.010, -6.027)  (-24.708, -2.097)  (24.708, -2.097)  (-24.708, 2.097)  (24.708, 2.097)  (-22.010, 6.027)  (22.010, 6.027)
step= 10  t=10.000  (-20.011, -6.026)  (20.011, -6.026)  (-22.709, -2.114)  (22.709, -2.114)  (-22.709, 2.114)  (22.709, 2.114)  (-20.011, 6.026)  (20.011, 6.026)
step= 11  t=11.000  (-18.012, -6.025)  (18.012, -6.025)  (-20.709, -2.111)  (20.709, -2.111)  (-20.709, 2.111)  (20.709, 2.111)  (-18.012, 6.025)  (18.012, 6.025)
step= 12  t=12.000  (-16.013, -6.024)  (16.013, -6.024)  (-18.710, -2.125)  (18.710, -2.125)  (-18.710, 2.125)  (18.710, 2.125)  (-16.013, 6.024)  (16.013, 6.024)
step= 13  t=13.000  (-14.014, -6.023)  (14.014, -6.023)  (-16.711, -2.121)  (16.711, -2.121)  (-16.711, 2.121)  (16.711, 2.121)  (-14.014, 6.023)  (14.014, 6.023)
step= 14  t=14.000  (-12.015, -6.022)  (12.015, -6.022)  (-14.712, -2.134)  (14.712, -2.134)  (-14.712, 2.134)  (14.712, 2.134)  (-12.015, 6.022)  (12.015, 6.022)
step= 15  t=15.000  (-10.016, -6.021)  (10.016, -6.021)  (-12.712, -2.129)  (12.712, -2.129)  (-12.712, 2.129)  (12.712, 2.129)  (-10.016, 6.021)  (10.016, 6.021)
step= 16  t=16.000  (-8.017, -6.021)  (8.017, -6.021)  (-10.713, -2.141)  (10.713, -2.141)  (-10.713, 2.141)  (10.713, 2.141)  (-8.017, 6.021)  (8.017, 6.021)
step= 17  t=17.000  (-6.018, -6.020)  (6.018, -6.020)  (-8.714, -2.136)  (8.714, -2.136)  (-8.714, 2.136)  (8.714, 2.136)  (-6.018, 6.020)  (6.018, 6.020)
step= 18  t=18.000  (-4.019, -6.019)  (4.019, -6.019)  (-6.715, -2.146)  (6.715, -2.146)  (-6.715, 2.146)  (6.715, 2.146)  (-4.019, 6.019)  (4.019, 6.019)
step= 19  t=19.000  (-2.192, -6.694)  (2.107, -5.431)  (-4.716, -2.140)  (4.716, -2.140)  (-4.716, 2.140)  (4.716, 2.140)  (-2.107, 5.431)  (2.192, 6.694)
step= 20  t=20.000  (-0.304, -7.286)  (0.137, -5.086)  (-5.548, -1.817)  (5.251, -2.098)  (-5.251, 2.098)  (5.548, 1.817)  (-0.137, 5.086)  (0.304, 7.286)
step= 21  t=21.000  (1.694, -7.222)  (-1.862, -5.132)  (-6.698, -1.333)  (4.068, -2.046)  (-4.068, 2.046)  (6.698, 1.333)  (1.862, 5.132)  (-1.694, 7.222)
step= 22  t=22.000  (3.692, -7.158)  (-3.861, -5.177)  (-6.424, -1.378)  (2.068, -2.044)  (-2.068, 2.044)  (6.424, 1.378)  (3.861, 5.177)  (-3.692, 7.158)
step= 23  t=23.000  (5.690, -7.095)  (-5.859, -5.223)  (-4.963, -0.825)  (0.132, -2.440)  (-0.132, 2.440)  (4.963, 0.825)  (5.859, 5.223)  (-5.690, 7.095)
step= 24  t=24.000  (7.688, -7.031)  (-7.857, -5.268)  (-3.013, -0.378)  (-1.846, -2.696)  (1.846, 2.696)  (3.013, 0.378)  (7.857, 5.268)  (-7.688, 7.031)
step= 25  t=25.000  (9.686, -6.967)  (-9.855, -5.314)  (-1.528, 0.582)  (-3.845, -2.659)  (3.845, 2.659)  (1.528, -0.582)  (9.855, 5.314)  (-9.686, 6.967)
step= 26  t=26.000  (11.684, -6.903)  (-11.853, -5.359)  (0.207, 1.317)  (-5.844, -2.623)  (5.844, 2.623)  (-0.207, -1.317)  (11.853, 5.359)  (-11.684, 6.903)
step= 27  t=27.000  (13.682, -6.840)  (-13.852, -5.405)  (2.200, 1.151)  (-7.844, -2.587)  (7.844, 2.587)  (-2.200, -1.151)  (13.852, 5.405)  (-13.682, 6.840)
step= 28  t=28.000  (15.680, -6.776)  (-15.850, -5.450)  (4.192, 0.985)  (-9.843, -2.550)  (9.843, 2.550)  (-4.192, -0.985)  (15.850, 5.450)  (-15.680, 6.776)
step= 29  t=29.000  (17.679, -6.712)  (-17.849, -5.496)  (6.184, 0.819)  (-11.842, -2.514)  (11.842, 2.514)  (-6.184, -0.819)  (17.849, 5.496)  (-17.679, 6.712)
step= 30  t=30.000  (19.677, -6.648)  (-19.847, -5.541)  (8.176, 0.653)  (-13.841, -2.477)  (13.841, 2.477)  (-8.176, -0.653)  (19.847, 5.541)  (-19.677, 6.648)
step= 31  t=31.000  (21.675, -6.585)  (-21.845, -5.587)  (10.168, 0.487)  (-15.840, -2.441)  (15.840, 2.441)  (-10.168, -0.487)  (21.845, 5.587)  (-21.675, 6.585)
step= 32  t=32.000  (23.673, -6.521)  (-23.844, -5.632)  (12.161, 0.321)  (-17.839, -2.404)  (17.839, 2.404)  (-12.161, -0.321)  (23.844, 5.632)  (-23.673, 6.521)
step= 33  t=33.000  (25.671, -6.457)  (-25.842, -5.678)  (14.153, 0.154)  (-19.838, -2.368)  (19.838, 2.368)  (-14.153, -0.154)  (25.842, 5.678)  (-25.671, 6.457)
step= 34  t=34.000  (27.670, -6.393)  (-27.840, -5.723)  (16.145, -0.012)  (-21.837, -2.331)  (21.837, 2.331)  (-16.145, 0.012)  (27.840, 5.723)  (-27.670, 6.393)
step= 35  t=35.000  (29.668, -6.330)  (-29.839, -5.769)  (18.137, -0.178)  (-23.836, -2.295)  (23.836, 2.295)  (-18.136, 0.178)  (29.839, 5.769)  (-29.668, 6.330)
step= 36  t=36.000  (31.666, -6.266)  (-31.837, -5.814)  (20.129, -0.344)  (-25.835, -2.258)  (25.835, 2.258)  (-20.128, 0.344)  (31.837, 5.814)  (-31.666, 6.266)
step= 37  t=37.000  (33.664, -6.202)  (-33.836, -5.860)  (22.121, -0.510)  (-27.834, -2.222)  (27.834, 2.222)  (-22.120, 0.510)  (33.836, 5.860)  (-33.664, 6.202)
step= 38  t=38.000  (35.662, -6.138)  (-35.834, -5.905)  (24.112, -0.676)  (-29.833, -2.185)  (29.833, 2.185)  (-24.112, 0.676)  (35.834, 5.905)  (-35.662, 6.138)
step= 39  t=39.000  (37.661, -6.075)  (-37.832, -5.951)  (26.104, -0.842)  (-31.832, -2.149)  (31.831, 2.149)  (-26.104, 0.842)  (37.832, 5.951)  (-37.661, 6.075)
step= 40  t=40.000  (39.659, -6.011)  (-39.831, -5.996)  (28.096, -1.008)  (-33.831, -2.113)  (33.829, 2.113)  (-28.096, 1.008)  (39.831, 5.996)  (-39.659, 6.011)
step= 41  t=41.000  (40.090, -6.116)  (-40.687, -6.501)  (30.088, -1.174)  (-35.830, -2.076)  (35.829, 2.076)  (-30.088, 1.174)  (40.687, 6.501)  (-40.090, 6.116)
step= 42  t=42.000  (40.000, -6.000)  (-40.000, -6.000)  (32.080, -1.340)  (-37.829, -2.040)  (37.828, 2.040)  (-32.080, 1.340)  (40.000, 6.000)  (-40.000, 6.000)
step= 43  t=43.000  (40.000, -6.000)  (-40.000, -6.000)  (34.074, -1.492)  (-39.828, -2.003)  (39.827, 2.003)  (-34.073, 1.491)  (40.000, 6.000)  (-40.000, 6.000)
step= 44  t=44.000  (40.000, -6.000)  (-40.000, -6.000)  (36.066, -1.662)  (-40.954, -2.101)  (40.953, 2.101)  (-36.066, 1.662)  (40.000, 6.000)  (-40.000, 6.000)
step= 45  t=45.000  (40.000, -6.000)  (-40.000, -6.000)  (38.058, -1.833)  (-41.316, -1.673)  (41.315, 1.672)  (-38.058, 1.833)  (40.000, 6.000)  (-40.000, 6.000)
step= 46  t=46.000  (40.000, -6.000)  (-40.000, -6.000)  (40.012, -2.029)  (-40.973, -1.502)  (40.972, 1.503)  (-40.012, 2.029)  (40.000, 6.000)  (-40.000, 6.000)
step= 47  t=47.000  (40.000, -6.000)  (-40.000, -6.000)  (41.210, -2.130)  (-40.731, -1.395)  (40.730, 1.396)  (-41.211, 2.130)  (40.000, 6.000)  (-40.000, 6.000)
step= 48  t=48.000  (40.000, -6.000)  (-40.000, -6.000)  (41.694, -2.672)  (-40.691, -1.544)  (40.690, 1.546)  (-41.695, 2.672)  (40.000, 6.000)  (-40.000, 6.000)
step= 49  t=49.000  (40.000, -6.000)  (-40.000, -6.000)  (42.044, -2.374)  (-40.669, -1.789)  (40.668, 1.789)  (-42.044, 2.374)  (40.000, 6.000)  (-40.000, 6.000)
step= 50  t=50.000  (40.000, -6.000)  (-40.000, -6.000)  (41.631, -2.146)  (-40.575, -1.803)  (40.574, 1.803)  (-41.630, 2.145)  (40.000, 6.000)  (-40.000, 6.000)
step= 51  t=51.000  (40.000, -6.000)  (-40.000, -6.000)  (40.188, -2.217)  (-40.539, -1.938)  (40.538, 1.938)  (-40.187, 2.215)  (40.000, 6.000)  (-40.000, 6.000)
step= 52  t=52.000  (40.000, -6.000)  (-40.000, -6.000)  (39.342, -1.957)  (-40.422, -1.832)  (40.422, 1.832)  (-39.341, 1.955)  (40.000, 6.000)  (-40.000, 6.000)
step= 53  t=53.000  (40.000, -6.000)  (-40.000, -6.000)  (39.055, -2.021)  (-40.368, -1.828)  (40.367, 1.829)  (-39.053, 2.020)  (40.000, 6.000)  (-40.000, 6.000)
step= 54  t=54.000  (40.000, -6.000)  (-40.000, -6.000)  (39.097, -1.761)  (-40.336, -1.854)  (40.335, 1.854)  (-39.093, 1.760)  (40.000, 6.000)  (-40.000, 6.000)
step= 55  t=55.000  (40.000, -6.000)  (-40.000, -6.000)  (39.858, -1.943)  (-40.382, -2.033)  (40.381, 2.034)  (-39.840, 1.941)  (40.000, 6.000)  (-40.000, 6.000)
step= 56  t=56.000  (40.000, -6.000)  (-40.000, -6.000)  (40.322, -1.802)  (-40.281, -1.871)  (40.280, 1.872)  (-40.304, 1.812)  (40.000, 6.000)  (-40.000, 6.000)
step= 57  t=57.000  (40.000, -6.000)  (-40.000, -6.000)  (40.546, -2.120)  (-40.530, -2.333)  (40.567, 2.402)  (-40.527, 2.134)  (40.000, 6.000)  (-40.000, 6.000)
step= 58  t=58.000  (40.000, -6.000)  (-40.000, -6.000)  (40.545, -1.714)  (-40.389, -2.003)  (40.449, 2.113)  (-40.534, 1.726)  (40.000, 6.000)  (-40.000, 6.000)
step= 59  t=59.000  (40.000, -6.000)  (-40.000, -6.000)  (40.593, -1.868)  (-40.000, -2.000)  (40.000, 2.000)  (-40.586, 1.879)  (40.000, 6.000)  (-40.000, 6.000)
step= 60  t=60.000  (40.000, -6.000)  (-40.000, -6.000)  (40.292, -1.680)  (-40.000, -2.000)  (40.000, 2.000)  (-40.258, 1.669)  (40.000, 6.000)  (-40.000, 6.000)
step= 61  t=61.000  (40.000, -6.000)  (-40.000, -6.000)  (39.987, -1.939)  (-40.000, -2.000)  (40.000, 2.000)  (-39.979, 1.912)  (40.000, 6.000)  (-40.000, 6.000)
step= 62  t=62.000  (40.000, -6.000)  (-40.000, -6.000)  (39.880, -1.833)  (-40.000, -2.000)  (40.000, 2.000)  (-39.898, 1.829)  (40.000, 6.000)  (-40.000, 6.000)
step= 63  t=63.000  (40.000, -6.000)  (-40.000, -6.000)  (39.988, -1.692)  (-40.000, -2.000)  (40.000, 2.000)  (-40.006, 1.707)  (40.000, 6.000)  (-40.000, 6.000)
step= 64  t=64.000  (40.000, -6.000)  (-40.000, -6.000)  (40.010, -1.960)  (-40.000, -2.000)  (40.000, 2.000)  (-40.006, 1.979)  (40.000, 6.000)  (-40.000, 6.000)
step= 65  t=65.000  (40.000, -6.000)  (-40.000, -6.000)  (40.004, -1.990)  (-40.000, -2.000)  (40.000, 2.000)  (-40.000, 2.000)  (40.000, 6.000)  (-40.000, 6.000)
step= 66  t=66.000  (40.000, -6.000)  (-40.000, -6.000)  (40.111, -1.934)  (-40.000, -2.000)  (40.000, 2.000)  (-40.000, 2.000)  (40.000, 6.000)  (-40.000, 6.000)
step= 67  t=67.000  (40.000, -6.000)  (-40.000, -6.000)  (40.075, -1.786)  (-40.000, -2.000)  (40.000, 2.000)  (-40.000, 2.000)  (40.000, 6.000)  (-40.000, 6.000)
step= 68  t=68.000  (40.000, -6.000)  (-40.000, -6.000)  (40.000, -2.000)  (-40.000, -2.000)  (40.000, 2.000)  (-40.000, 2.000)  (40.000, 6.000)  (-40.000, 6.000)
