Simulation has 8 agents and 0 obstacle vertices in it.
Running simulation
step= 0  t=0.000  (-40.000, -6.000)  (40.000, -6.000)  (-40.000, -2.000)  (40.000, -2.000)  (-40.000, 2.000)  (40.000, 2.000)  (-40.000, 6.000)  (40.000, 6.000)
step= 1  t=1.000  (-38.001, -6.000)  (38.001, -6.000)  (-38.001, -2.000)  (38.001, -2.000)  (-38.001, 2.000)  (38.001, 2.000)  (-38.001, 6.000)  (38.001, 6.000)
step= 2  t=2.000  (-36.002, -6.000)  (36.002, -6.000)  (-36.001, -2.000)  (36.001, -2.000)  (-36.001, 2.000)  (36.001, 2.000)  (-36.002, 6.000)  (36.002, 6.000)
step= 3  t=3.000  (-34.003, -6.000)  (34.003, -6.000)  (-34.002, -2.000)  (34.002, -2.000)  (-34.002, 2.000)  (34.002, 2.000)  (-34.003, 6.000)  (34.003, 6.000)
step= 4  t=4.000  (-32.003, -6.000)  (32.003, -6.000)  (-32.002, -2.000)  (32.002, -2.000)  (-32.002, 2.000)  (32.002, 2.000)  (-32.003, 6.000)  (32.003, 6.000)
step= 5  t=5.000  (-30.004, -6.000)  (30.004, -6.000)  (-30.003, -2.000)  (30.003, -2.000)  (-30.003, 2.000)  (30.003, 2.000)  (-30.004, 6.000)  (30.004, 6.000)
step= 6  t=6.000  (-28.005, -6.000)  (28.005, -6.000)  (-28.003, -2.000)  (28.003, -2.000)  (-28.003, 2.000)  (28.003, 2.000)  (-28.005, 6.000)  (28.005, 6.000)
step= 7  t=7.000  (-26.006, -6.000)  (26.006, -6.000)  (-26.004, -2.000)  (26.004, -2.000)  (-26.004, 2.000)  (26.004, 2.000)  (-26.006, 6.000)  (26.006, 6.000)
step= 8  t=8.000  (-24.007, -6.000)  (24.007, -6.000)  (-24.004, -2.000)  (24.004, -2.000)  (-24.004, 2.000)  (24.004, 2.000)  (-24.007, 6.000)  (24.007, 6.000)
step= 9  t=9.000  (-22.008, -6.000)  (22.008, -6.000)  (-22.005, -2.000)  (22.005, -2.000)  (-22.005, 2.000)  (22.005, 2.000)  (-22.008, 6.000)  (22.008, 6.000)
step= 10  t=10.000  (-20.008, -6.000)  (20.008, -6.000)  (-20.005, -2.000)  (20.005, -2.000)  (-20.005, 2.000)  (20.005, 2.000)  (-20.008, 6.000)  (20.008, 6.000)
step= 11  t=11.000  (-18.009, -6.000)  (18.009, -6.000)  (-18.006, -2.000)  (18.006, -2.000)  (-18.006, 2.000)  (18.006, 2.000)  (-18.009, 6.000)  (18.009, 6.000)
step= 12  t=12.000  (-16.010, -6.000)  (16.010, -6.000)  (-16.007, -2.000)  (16.007, -2.000)  (-16.007, 2.000)  (16.007, 2.000)  (-16.010, 6.000)  (16.010, 6.000)
step= 13  t=13.000  (-14.011, -6.000)  (14.011, -6.000)  (-14.007, -2.000)  (14.007, -2.000)  (-14.007, 2.000)  (14.007, 2.000)  (-14.011, 6.000)  (14.011, 6.000)
step= 14  t=14.000  (-12.012, -6.000)  (12.012, -6.000)  (-12.008, -2.000)  (12.008, -2.000)  (-12.008, 2.000)  (12.008, 2.000)  (-12.012, 6.000)  (12.012, 6.000)
step= 15  t=15.000  (-10.013, -6.000)  (10.013, -6.000)  (-10.008, -2.000)  (10.008, -2.000)  (-10.008, 2.000)  (10.008, 2.000)  (-10.013, 6.000)  (10.013, 6.000)
step= 16  t=16.000  (-8.013, -6.000)  (8.013, -6.000)  (-8.009, -2.000)  (8.009, -2.000)  (-8.009, 2.000)  (8.009, 2.000)  (-8.013, 6.000)  (8.013, 6.000)
step= 17  t=17.000  (-6.014, -6.000)  (6.014, -6.000)  (-6.009, -2.000)  (6.009, -2.000)  (-6.009, 2.000)  (6.009, 2.000)  (-6.014, 6.000)  (6.014, 6.000)
step= 18  t=18.000  (-4.015, -6.000)  (4.015, -6.000)  (-4.010, -2.000)  (4.010, -2.000)  (-4.010, 2.000)  (4.010, 2.000)  (-4.015, 6.000)  (4.015, 6.000)
step= 19  t=19.000  (-2.333, -6.731)  (4.015, -6.000)  (-4.010, -2.000)  (4.010, -2.000)  (-4.010, 2.000)  (4.010, 2.000)  (-4.015, 6.000)  (2.333, 6.731)
step= 20  t=20.000  (-0.663, -7.456)  (3.862, -5.934)  (-3.608, -2.000)  (3.608, -2.000)  (-3.608, 2.000)  (3.608, 2.000)  (-3.862, 5.934)  (0.663, 7.456)
step= 21  t=21.000  (0.992, -8.176)  (3.635, -5.835)  (-3.274, -2.000)  (3.273, -2.000)  (-3.273, 2.000)  (3.274, 2.000)  (-3.635, 5.835)  (-0.992, 8.176)
step= 22  t=22.000  (2.631, -8.888)  (3.384, -5.726)  (-2.995, -2.001)  (2.995, -1.998)  (-2.995, 1.998)  (2.995, 2.001)  (-3.384, 5.726)  (-2.631, 8.888)
step= 23  t=23.000  (4.594, -9.263)  (2.677, -5.947)  (-2.762, -2.014)  (2.762, -1.983)  (-2.762, 1.983)  (2.762, 2.014)  (-2.677, 5.947)  (-4.594, 9.263)
step= 24  t=24.000  (6.584, -9.079)  (0.677, -5.951)  (-2.560, -2.142)  (2.563, -1.903)  (-2.563, 1.903)  (2.560, 2.142)  (-0.677, 5.951)  (-6.584, 9.079)
step= 25  t=25.000  (8.575, -8.896)  (-1.322, -5.954)  (-2.290, -2.411)  (2.339, -1.760)  (-2.339, 1.760)  (2.290, 2.411)  (1.322, 5.954)  (-8.575, 8.896)
step= 26  t=26.000  (10.565, -8.713)  (-3.321, -5.956)  (-1.615, -2.933)  (2.133, -1.661)  (-2.133, 1.661)  (1.615, 2.933)  (3.321, 5.956)  (-10.565, 8.713)
step= 27  t=27.000  (12.556, -8.529)  (-5.320, -5.958)  (-0.323, -3.892)  (1.956, -1.583)  (-1.956, 1.583)  (0.323, 3.892)  (5.320, 5.958)  (-12.556, 8.529)
step= 28  t=28.000  (14.547, -8.346)  (-7.319, -5.961)  (0.945, -4.833)  (1.803, -1.522)  (-1.803, 1.522)  (-0.945, 4.833)  (7.319, 5.961)  (-14.547, 8.346)
step= 29  t=29.000  (16.538, -8.162)  (-9.318, -5.963)  (2.925, -5.120)  (0.820, -2.128)  (-0.820, 2.128)  (-2.925, 5.120)  (9.318, 5.963)  (-16.538, 8.162)
step= 30  t=30.000  (18.529, -7.979)  (-11.317, -5.966)  (4.917, -4.952)  (-1.152, -2.158)  (1.152, 2.158)  (-4.917, 4.952)  (11.317, 5.966)  (-18.529, 7.979)
step= 31  t=31.000  (20.519, -7.795)  (-13.316, -5.968)  (6.909, -4.785)  (-3.151, -2.150)  (3.151, 2.150)  (-6.909, 4.785)  (13.316, 5.968)  (-20.519, 7.795)
step= 32  t=32.000  (22.510, -7.612)  (-15.315, -5.970)  (8.900, -4.617)  (-5.150, -2.142)  (5.150, 2.142)  (-8.900, 4.617)  (15.315, 5.970)  (-22.510, 7.612)
step= 33  t=33.000  (24.501, -7.428)  (-17.315, -5.973)  (10.892, -4.449)  (-7.148, -2.133)  (7.148, 2.133)  (-10.892, 4.449)  (17.315, 5.973)  (-24.501, 7.428)
step= 34  t=34.000  (26.492, -7.245)  (-19.314, -5.975)  (12.884, -4.282)  (-9.147, -2.125)  (9.147, 2.125)  (-12.884, 4.282)  (19.314, 5.975)  (-26.492, 7.245)
step= 35  t=35.000  (28.482, -7.061)  (-21.313, -5.978)  (14.876, -4.114)  (-11.146, -2.117)  (11.146, 2.117)  (-14.876, 4.114)  (21.313, 5.978)  (-28.482, 7.061)
step= 36  t=36.000  (30.473, -6.878)  (-23.312, -5.980)  (16.868, -3.946)  (-13.145, -2.109)  (13.145, 2.109)  (-16.868, 3.946)  (23.312, 5.980)  (-30.473, 6.878)
step= 37  t=37.000  (32.464, -6.694)  (-25.311, -5.982)  (18.860, -3.779)  (-15.144, -2.101)  (15.144, 2.101)  (-18.860, 3.779)  (25.311, 5.982)  (-32.464, 6.694)
step= 38  t=38.000  (34.455, -6.511)  (-27.311, -5.985)  (20.852, -3.611)  (-17.142, -2.093)  (17.142, 2.093)  (-20.852, 3.611)  (27.311, 5.985)  (-34.455, 6.511)
step= 39  t=39.000  (36.446, -6.328)  (-29.310, -5.987)  (22.843, -3.444)  (-19.141, -2.085)  (19.141, 2.085)  (-22.843, 3.444)  (29.310, 5.987)  (-36.446, 6.328)
step= 40  t=40.000  (38.436, -6.144)  (-31.309, -5.990)  (24.835, -3.276)  (-21.140, -2.077)  (21.140, 2.077)  (-24.835, 3.276)  (31.309, 5.990)  (-38.436, 6.144)
step= 41  t=41.000  (40.000, -6.000)  (-33.308, -5.992)  (26.827, -3.108)  (-23.139, -2.069)  (23.139, 2.069)  (-26.827, 3.108)  (33.308, 5.992)  (-40.000, 6.000)
step= 42  t=42.000  (40.000, -6.000)  (-35.307, -5.994)  (28.819, -2.941)  (-25.137, -2.060)  (25.137, 2.060)  (-28.819, 2.941)  (35.307, 5.994)  (-40.000, 6.000)
step= 43  t=43.000  (40.000, -6.000)  (-37.307, -5.997)  (30.811, -2.773)  (-27.136, -2.052)  (27.136, 2.052)  (-30.811, 2.773)  (37.307, 5.997)  (-40.000, 6.000)
step= 44  t=44.000  (40.000, -6.000)  (-39.306, -5.999)  (32.803, -2.606)  (-29.135, -2.044)  (29.135, 2.044)  (-32.803, 2.606)  (39.306, 5.999)  (-40.000, 6.000)
step= 45  t=45.000  (40.000, -6.000)  (-40.000, -6.000)  (34.795, -2.438)  (-31.134, -2.036)  (31.134, 2.036)  (-34.795, 2.438)  (40.000, 6.000)  (-40.000, 6.000)
step= 46  t=46.000  (40.000, -6.000)  (-40.000, -6.000)  (36.787, -2.270)  (-33.133, -2.028)  (33.133, 2.028)  (-36.787, 2.270)  (40.000, 6.000)  (-40.000, 6.000)
step= 47  t=47.000  (40.000, -6.000)  (-40.000, -6.000)  (38.780, -2.103)  (-35.132, -2.020)  (35.132, 2.020)  (-38.780, 2.103)  (40.000, 6.000)  (-40.000, 6.000)
step= 48  t=48.000  (40.000, -6.000)  (-40.000, -6.000)  (40.580, -1.964)  (-37.131, -2.012)  (37.131, 2.012)  (-40.580, 1.964)  (40.000, 6.000)  (-40.000, 6.000)
step= 49  t=49.000  (40.000, -6.000)  (-40.000, -6.000)  (42.231, -1.869)  (-39.131, -2.004)  (39.131, 2.004)  (-42.231, 1.869)  (40.000, 6.000)  (-40.000, 6.000)
step= 50  t=50.000  (40.000, -6.000)  (-40.000, -6.000)  (43.712, -1.809)  (-40.212, -1.869)  (40.212, 1.869)  (-43.712, 1.809)  (40.000, 6.000)  (-40.000, 6.000)
step= 51  t=51.000  (40.000, -6.000)  (-40.000, -6.000)  (44.923, -1.700)  (-40.288, -1.439)  (40.288, 1.439)  (-44.923, 1.700)  (40.000, 6.000)  (-40.000, 6.000)
step= 52  t=52.000  (40.000, -6.000)  (-40.000, -6.000)  (45.519, -1.347)  (-39.852, -1.690)  (39.852, 1.690)  (-45.519, 1.347)  (40.000, 6.000)  (-40.000, 6.000)
step= 53  t=53.000  (40.000, -6.000)  (-40.000, -6.000)  (45.350, -1.257)  (-39.899, -1.896)  (39.899, 1.896)  (-45.350, 1.257)  (40.000, 6.000)  (-40.000, 6.000)
step= 54  t=54.000  (40.000, -6.000)  (-40.000, -6.000)  (44.559, -1.538)  (-40.000, -2.000)  (40.000, 2.000)  (-44.559, 1.538)  (40.000, 6.000)  (-40.000, 6.000)
step= 55  t=55.000  (40.000, -6.000)  (-40.000, -6.000)  (42.569, -1.740)  (-40.000, -2.000)  (40.000, 2.000)  (-42.569, 1.740)  (40.000, 6.000)  (-40.000, 6.000)
step= 56  t=56.000  (40.000, -6.000)  (-40.000, -6.000)  (40.580, -1.941)  (-40.000, -2.000)  (40.000, 2.000)  (-40.580, 1.941)  (40.000, 6.000)  (-40.000, 6.000)
step= 57  t=57.000  (40.000, -6.000)  (-40.000, -6.000)  (39.923, -2.143)  (-40.000, -2.000)  (40.000, 2.000)  (-39.923, 2.143)  (40.000, 6.000)  (-40.000, 6.000)
step= 58  t=58.000  (40.000, -6.000)  (-40.000, -6.000)  (39.780, -2.284)  (-40.000, -2.000)  (40.000, 2.000)  (-39.780, 2.284)  (40.000, 6.000)  (-40.000, 6.000)
step= 59  t=59.000  (40.000, -6.000)  (-40.000, -6.000)  (39.922, -2.265)  (-40.000, -2.000)  (40.000, 2.000)  (-39.922, 2.265)  (40.000, 6.000)  (-40.000, 6.000)
step= 60  t=60.000  (40.000, -6.000)  (-40.000, -6.000)  (40.004, -2.117)  (-40.000, -2.000)  (40.000, 2.000)  (-40.004, 2.117)  (40.000, 6.000)  (-40.000, 6.000)
step= 61  t=61.000  (40.000, -6.000)  (-40.000, -6.000)  (40.000, -2.000)  (-40.000, -2.000)  (40.000, 2.000)  (-40.000, 2.000)  (40.000, 6.000)  (-40.000, 6.000)
