step= 0  t=0.000  (1.999, -0.000)  (-1.999, -0.000)  (1.999, -0.000)  (-1.999, -0.000)  (1.999, -0.000)  (-1.999, 0.004)  (1.999, 0.000)  (-1.999, 0.000)
step= 1  t=1.000  (1.999, -0.000)  (-1.999, -0.000)  (1.999, -0.000)  (-1.999, -0.000)  (1.999, 0.000)  (-1.999, -0.000)  (1.999, 0.000)  (-1.999, 0.000)
step= 2  t=2.000  (1.999, -0.000)  (-1.999, -0.000)  (1.999, -0.000)  (-1.999, -0.000)  (1.999, 0.000)  (-1.999, -0.000)  (1.999, 0.000)  (-1.999, 0.000)
step= 3  t=3.000  (1.999, -0.000)  (-1.999, -0.000)  (1.999, -0.000)  (-1.999, -0.000)  (1.999, 0.000)  (-1.999, -0.000)  (1.999, 0.000)  (-1.999, 0.000)
step= 4  t=4.000  (1.999, -0.000)  (-1.999, -0.000)  (1.999, -0.000)  (-1.999, -0.000)  (1.999, 0.000)  (-1.999, -0.000)  (1.999, 0.000)  (-1.999, 0.000)
step= 5  t=5.000  (1.999, -0.000)  (-1.999, -0.000)  (1.999, -0.000)  (-1.999, -0.000)  (1.999, 0.000)  (-1.999, -0.000)  (1.999, 0.000)  (-1.999, 0.000)
step= 6  t=6.000  (1.999, -0.000)  (-1.999, -0.000)  (1.999, -0.000)  (-1.999, -0.000)  (1.999, 0.000)  (-1.999, -0.000)  (1.999, 0.000)  (-1.999, 0.000)
step= 7  t=7.000  (1.999, -0.000)  (-1.999, -0.000)  (1.999, -0.000)  (-1.999, -0.000)  (1.999, 0.000)  (-1.999, -0.000)  (1.999, 0.000)  (-1.999, 0.000)
step= 8  t=8.000  (1.999, -0.000)  (-1.999, -0.000)  (1.999, -0.000)  (-1.999, -0.000)  (1.999, 0.000)  (-1.999, -0.000)  (1.999, 0.000)  (-1.999, 0.000)
step= 9  t=9.000  (1.999, -0.000)  (-1.999, -0.000)  (1.999, -0.000)  (-1.999, -0.000)  (1.999, 0.000)  (-1.999, -0.000)  (1.999, 0.000)  (-1.999, 0.000)
step= 10  t=10.000  (1.999, -0.000)  (-1.999, -0.000)  (1.999, -0.000)  (-1.999, -0.000)  (1.999, 0.000)  (-1.999, -0.000)  (1.999, 0.000)  (-1.999, 0.000)
step= 11  t=11.000  (1.999, -0.000)  (-1.999, -0.000)  (1.999, -0.000)  (-1.999, -0.000)  (1.999, 0.000)  (-1.999, -0.000)  (1.999, 0.000)  (-1.999, 0.000)
step= 12  t=12.000  (1.999, -0.000)  (-1.999, -0.000)  (1.999, -0.000)  (-1.999, -0.000)  (1.999, 0.000)  (-1.999, -0.000)  (1.999, 0.000)  (-1.999, 0.000)
step= 13  t=13.000  (1.999, -0.000)  (-1.999, -0.000)  (1.999, -0.000)  (-1.999, -0.000)  (1.999, 0.000)  (-1.999, -0.000)  (1.999, 0.000)  (-1.999, 0.000)
step= 14  t=14.000  (1.999, -0.000)  (-1.999, -0.000)  (1.999, -0.000)  (-1.999, -0.000)  (1.999, 0.000)  (-1.999, -0.000)  (1.999, 0.000)  (-1.999, 0.000)
step= 15  t=15.000  (1.999, -0.000)  (-1.999, -0.000)  (1.999, -0.000)  (-1.999, -0.000)  (1.999, 0.000)  (-1.999, -0.000)  (1.999, 0.000)  (-1.999, 0.000)
step= 16  t=16.000  (1.999, -0.000)  (-1.999, -0.000)  (1.999, -0.000)  (-1.999, -0.000)  (1.999, 0.000)  (-1.999, -0.000)  (1.999, 0.000)  (-1.999, 0.000)
step= 17  t=17.000  (1.999, -0.000)  (-1.999, -0.000)  (1.999, -0.000)  (-1.999, -0.000)  (1.999, 0.000)  (-1.999, -0.000)  (1.999, 0.000)  (-1.999, 0.000)
step= 18  t=18.000  (0.550, 0.119)  (-1.882, -0.458)  (-0.024, -0.064)  (-0.591, -0.144)  (0.031, -0.002)  (-0.025, 0.013)  (0.018, 0.023)  (-1.885, 0.446)
step= 19  t=19.000  (0.518, 0.123)  (-1.873, -0.453)  (0.176, 0.116)  (-0.781, -0.162)  (0.519, -0.004)  (-0.522, -0.020)  (0.517, -0.142)  (-1.871, 0.459)
step= 20  t=20.000  (0.021, -0.003)  (-1.849, -0.473)  (0.364, 0.148)  (-0.888, -0.211)  (0.445, 0.083)  (-0.470, -0.144)  (0.656, -0.204)  (-1.857, 0.459)
step= 21  t=21.000  (-0.803, -0.223)  (-1.755, -0.539)  (0.390, 0.124)  (-1.693, -0.415)  (0.470, 0.115)  (-0.519, -0.167)  (0.856, -0.383)  (-1.788, 0.517)
step= 22  t=22.000  (0.426, -0.726)  (-1.978, -0.293)  (-0.361, -0.091)  (-1.872, -0.452)  (0.528, 0.130)  (-0.466, -0.146)  (1.999, 0.034)  (-1.997, -0.103)
step= 23  t=23.000  (1.999, 0.033)  (-1.995, 0.127)  (-0.110, 0.001)  (-1.846, -0.475)  (1.266, 0.397)  (-0.778, -0.251)  (1.999, 0.034)  (-1.996, -0.103)
step= 24  t=24.000  (1.999, 0.033)  (-1.995, 0.127)  (0.983, -0.257)  (-1.997, 0.102)  (1.711, 0.575)  (-0.766, -0.264)  (1.999, 0.034)  (-1.996, -0.103)
step= 25  t=25.000  (1.999, 0.033)  (-1.995, 0.127)  (1.767, 0.084)  (-1.997, 0.102)  (1.837, -0.027)  (-1.842, 0.075)  (1.999, 0.034)  (-1.997, -0.103)
step= 26  t=26.000  (1.999, 0.033)  (-1.995, 0.127)  (1.999, -0.003)  (-1.996, 0.102)  (1.998, -0.068)  (-1.998, 0.047)  (1.998, 0.034)  (-1.997, -0.103)
step= 27  t=27.000  (1.999, 0.033)  (-1.995, 0.127)  (1.999, -0.003)  (-1.996, 0.102)  (1.998, -0.068)  (-1.998, 0.047)  (1.998, 0.034)  (-1.997, -0.103)
step= 28  t=28.000  (1.999, 0.033)  (-1.995, 0.127)  (1.999, -0.003)  (-1.996, 0.102)  (1.998, -0.068)  (-1.998, 0.047)  (1.998, 0.034)  (-1.997, -0.103)
step= 29  t=29.000  (1.999, 0.033)  (-1.995, 0.127)  (1.999, -0.003)  (-1.996, 0.102)  (1.998, -0.068)  (-1.998, 0.047)  (1.998, 0.034)  (-1.997, -0.103)
step= 30  t=30.000  (1.999, 0.033)  (-1.995, 0.127)  (1.999, -0.003)  (-1.996, 0.102)  (1.998, -0.068)  (-1.998, 0.047)  (1.999, 0.034)  (-1.997, -0.103)
step= 31  t=31.000  (1.999, 0.033)  (-1.995, 0.127)  (1.999, -0.003)  (-1.996, 0.102)  (1.998, -0.068)  (-1.998, 0.047)  (1.998, 0.034)  (-1.997, -0.103)
step= 32  t=32.000  (1.999, 0.033)  (-1.995, 0.127)  (1.999, -0.003)  (-1.996, 0.102)  (1.998, -0.068)  (-1.998, 0.047)  (1.999, 0.034)  (-1.997, -0.103)
step= 33  t=33.000  (1.999, 0.033)  (-1.995, 0.127)  (1.999, -0.003)  (-1.996, 0.102)  (1.998, -0.068)  (-1.998, 0.047)  (1.999, 0.034)  (-1.997, -0.103)
step= 34  t=34.000  (1.999, 0.033)  (-1.995, 0.127)  (1.999, -0.003)  (-1.996, 0.102)  (1.998, -0.068)  (-1.998, 0.047)  (1.999, 0.034)  (-1.997, -0.103)
step= 35  t=35.000  (1.999, 0.033)  (-1.995, 0.127)  (1.999, -0.003)  (-1.996, 0.102)  (1.998, -0.068)  (-1.998, 0.047)  (1.999, 0.034)  (-1.997, -0.103)
step= 36  t=36.000  (1.999, 0.033)  (-1.995, 0.127)  (1.999, -0.003)  (-1.997, 0.102)  (1.998, -0.068)  (-1.998, 0.047)  (1.999, 0.034)  (-1.996, -0.103)
step= 37  t=37.000  (1.999, 0.033)  (-1.995, 0.127)  (1.999, -0.003)  (-1.997, 0.102)  (1.998, -0.068)  (-1.998, 0.047)  (1.999, 0.034)  (-1.996, -0.103)
step= 38  t=38.000  (1.999, 0.033)  (-1.995, 0.127)  (1.999, -0.003)  (-1.997, 0.102)  (1.998, -0.068)  (-1.998, 0.047)  (1.999, 0.034)  (-1.996, -0.103)
step= 39  t=39.000  (1.999, 0.033)  (-1.995, 0.127)  (1.999, -0.003)  (-1.997, 0.102)  (1.998, -0.068)  (-1.998, 0.047)  (1.999, 0.034)  (-1.996, -0.103)
step= 40  t=40.000  (1.999, 0.033)  (-1.044, -0.287)  (1.999, -0.003)  (-1.997, 0.102)  (1.998, -0.068)  (-1.998, 0.047)  (1.999, 0.034)  (-0.683, -0.018)
step= 41  t=41.000  (1.999, 0.033)  (0.282, 0.336)  (1.999, -0.003)  (-1.997, 0.102)  (1.998, -0.068)  (-1.999, 0.047)  (1.999, 0.034)  (0.009, -0.017)
step= 42  t=42.000  (1.999, 0.033)  (0.000, 0.000)  (1.999, -0.003)  (-1.261, -0.333)  (1.998, -0.068)  (-1.999, 0.047)  (1.992, 0.034)  (0.000, 0.000)
step= 43  t=43.000  (1.999, 0.033)  (0.000, 0.000)  (1.999, -0.003)  (-0.520, -0.062)  (1.998, -0.068)  (-1.999, 0.047)  (0.000, 0.000)  (0.000, 0.000)
step= 44  t=44.000  (1.503, -0.142)  (0.000, 0.000)  (1.999, -0.003)  (-0.077, 0.428)  (1.406, 0.138)  (-1.999, 0.047)  (0.000, 0.000)  (0.000, 0.000)
step= 45  t=45.000  (-0.173, 0.079)  (0.000, 0.000)  (1.999, -0.003)  (0.542, 0.511)  (-0.169, -0.180)  (-1.151, 0.183)  (0.000, 0.000)  (0.000, 0.000)
step= 46  t=46.000  (-0.000, 0.084)  (0.000, 0.000)  (0.935, -0.047)  (1.000, 0.134)  (0.000, 0.000)  (-0.581, 0.053)  (0.000, 0.000)  (0.000, 0.000)
step= 47  t=47.000  (0.000, 0.000)  (0.000, 0.000)  (0.432, 0.010)  (0.719, -0.016)  (0.000, 0.000)  (0.001, -0.183)  (0.000, 0.000)  (0.000, 0.000)
step= 48  t=48.000  (0.000, 0.000)  (0.000, 0.000)  (0.084, -0.016)  (0.366, 0.148)  (0.000, 0.000)  (0.462, 0.011)  (0.000, 0.000)  (0.000, 0.000)
step= 49  t=49.000  (0.000, 0.000)  (0.000, 0.000)  (-0.192, -0.065)  (0.098, 0.073)  (0.000, 0.000)  (0.594, 0.003)  (0.000, 0.000)  (0.000, 0.000)
step= 50  t=50.000  (0.000, 0.000)  (0.000, 0.000)  (-0.384, -0.023)  (-1.163, 0.099)  (0.000, 0.000)  (0.240, 0.080)  (0.000, 0.000)  (0.000, 0.000)
step= 51  t=51.000  (0.000, 0.000)  (0.000, 0.000)  (-0.087, -0.031)  (-0.844, -0.618)  (0.000, 0.000)  (-0.220, -0.131)  (0.000, 0.000)  (0.000, 0.000)
step= 52  t=52.000  (0.000, 0.000)  (0.000, 0.000)  (0.068, 0.108)  (-0.362, -0.337)  (0.000, 0.000)  (0.000, 0.000)  (0.000, 0.000)  (0.000, 0.000)
step= 53  t=53.000  (0.000, 0.000)  (0.000, 0.000)  (-0.016, 0.062)  (-0.082, -0.120)  (0.000, 0.000)  (0.000, 0.000)  (0.000, 0.000)  (0.000, 0.000)
step= 54  t=54.000  (0.000, 0.000)  (0.000, 0.000)  (0.000, 0.000)  (0.110, 0.036)  (0.000, 0.000)  (0.000, 0.000)  (0.000, 0.000)  (0.000, 0.000)
step= 55  t=55.000  (0.000, 0.000)  (0.000, 0.000)  (0.000, 0.000)  (0.479, 0.285)  (0.000, 0.000)  (0.000, 0.000)  (0.000, 0.000)  (0.000, 0.000)
step= 56  t=56.000  (0.000, 0.000)  (0.000, 0.000)  (0.000, 0.000)  (0.642, 0.084)  (0.000, 0.000)  (0.000, 0.000)  (0.000, 0.000)  (0.000, 0.000)
step= 57  t=57.000  (0.000, 0.000)  (0.000, 0.000)  (0.000, 0.000)  (0.325, 0.161)  (0.000, 0.000)  (0.000, 0.000)  (0.000, 0.000)  (0.000, 0.000)
step= 58  t=58.000  (0.000, 0.000)  (0.000, 0.000)  (0.000, 0.000)  (0.062, 0.071)  (0.000, 0.000)  (0.000, 0.000)  (0.000, 0.000)  (0.000, 0.000)
step= 59  t=59.000  (0.000, 0.000)  (0.000, 0.000)  (0.000, 0.000)  (-0.222, -0.110)  (0.000, 0.000)  (0.000, 0.000)  (0.000, 0.000)  (0.000, 0.000)
step= 60  t=60.000  (0.000, 0.000)  (0.000, 0.000)  (0.000, 0.000)  (-0.287, -0.361)  (0.000, 0.000)  (0.000, 0.000)  (0.000, 0.000)  (0.000, 0.000)
step= 61  t=61.000  (0.000, 0.000)  (0.000, 0.000)  (0.000, 0.000)  (-0.069, -0.095)  (0.000, 0.000)  (0.000, 0.000)  (0.000, 0.000)  (0.000, 0.000)
step= 62  t=62.000  (0.000, 0.000)  (0.000, 0.000)  (0.000, 0.000)  (0.097, 0.071)  (0.000, 0.000)  (0.000, 0.000)  (0.000, 0.000)  (0.000, 0.000)
step= 63  t=63.000  (0.000, 0.000)  (0.000, 0.000)  (0.000, 0.000)  (0.039, -0.018)  (0.000, 0.000)  (0.000, 0.000)  (0.000, 0.000)  (0.000, 0.000)
step= 64  t=64.000  (0.000, 0.000)  (0.000, 0.000)  (0.000, 0.000)  (0.005, -0.011)  (0.000, 0.000)  (0.000, 0.000)  (0.000, 0.000)  (0.000, 0.000)
