Simulation has 8 agents and 0 obstacle vertices in it.
Running simulation
step= 0  t=0.000  (-40.000, -6.000)  (40.000, -6.000)  (-40.000, -2.000)  (40.000, -2.000)  (-40.000, 2.000)  (40.000, 2.000)  (-40.000, 6.000)  (40.000, 6.000)
step= 1  t=1.000  (-38.001, -6.000)  (38.001, -6.000)  (-38.001, -2.000)  (38.001, -2.000)  (-38.001, 2.000)  (38.001, 2.000)  (-38.001, 6.000)  (38.001, 6.000)
step= 2  t=2.000  (-36.001, -6.000)  (36.002, -6.000)  (-36.001, -2.000)  (36.001, -2.000)  (-36.001, 2.000)  (36.001, 2.000)  (-36.002, 6.000)  (36.002, 6.000)
step= 3  t=3.000  (-34.002, -6.000)  (34.002, -6.000)  (-34.002, -2.000)  (34.002, -2.000)  (-34.002, 2.000)  (34.002, 2.000)  (-34.003, 6.000)  (34.003, 6.000)
step= 4  t=4.000  (-32.003, -6.000)  (32.003, -6.000)  (-32.002, -2.000)  (32.002, -2.000)  (-32.002, 2.000)  (32.002, 2.000)  (-32.003, 6.000)  (32.003, 6.000)
step= 5  t=5.000  (-30.004, -6.000)  (30.004, -6.000)  (-30.003, -2.000)  (30.003, -2.000)  (-30.003, 2.000)  (30.003, 2.000)  (-30.004, 6.000)  (30.004, 6.000)
step= 6  t=6.000  (-28.004, -6.000)  (28.005, -6.000)  (-28.003, -2.000)  (28.004, -2.000)  (-28.003, 2.000)  (28.004, 2.000)  (-28.005, 6.000)  (28.005, 6.000)
step= 7  t=7.000  (-26.005, -6.000)  (26.005, -6.000)  (-26.004, -2.000)  (26.004, -2.000)  (-26.004, 2.000)  (26.004, 2.000)  (-26.006, 6.000)  (26.006, 6.000)
step= 8  t=8.000  (-24.006, -6.000)  (24.006, -6.000)  (-24.005, -2.000)  (24.005, -2.000)  (-24.005, 2.000)  (24.005, 2.000)  (-24.006, 6.000)  (24.006, 6.000)
step= 9  t=9.000  (-22.007, -6.000)  (22.007, -6.000)  (-22.005, -2.000)  (22.005, -2.000)  (-22.005, 2.000)  (22.005, 2.000)  (-22.007, 6.000)  (22.007, 6.000)
step= 10  t=10.000  (-20.007, -6.000)  (20.008, -6.000)  (-20.006, -2.000)  (20.006, -2.000)  (-20.006, 2.000)  (20.006, 2.000)  (-20.008, 6.000)  (20.008, 6.000)
step= 11  t=11.000  (-18.008, -6.000)  (18.008, -6.000)  (-18.006, -2.000)  (18.007, -2.000)  (-18.006, 2.000)  (18.006, 2.000)  (-18.009, 6.000)  (18.009, 6.000)
step= 12  t=12.000  (-16.009, -6.000)  (16.009, -6.000)  (-16.007, -2.000)  (16.007, -2.000)  (-16.007, 2.000)  (16.007, 2.000)  (-16.009, 6.000)  (16.009, 6.000)
step= 13  t=13.000  (-14.010, -6.000)  (14.010, -6.000)  (-14.007, -2.000)  (14.008, -2.000)  (-14.007, 2.000)  (14.008, 2.000)  (-14.010, 6.000)  (14.010, 6.000)
step= 14  t=14.000  (-12.010, -6.000)  (12.011, -6.000)  (-12.008, -2.000)  (12.008, -2.000)  (-12.008, 2.000)  (12.008, 2.000)  (-12.011, 6.000)  (12.011, 6.000)
step= 15  t=15.000  (-10.011, -6.000)  (10.011, -6.000)  (-10.009, -2.000)  (10.009, -2.000)  (-10.009, 2.000)  (10.009, 2.000)  (-10.012, 6.000)  (10.012, 6.000)
step= 16  t=16.000  (-8.012, -6.000)  (8.012, -6.000)  (-8.009, -2.000)  (8.009, -2.000)  (-8.009, 2.000)  (8.009, 2.000)  (-8.012, 6.000)  (8.012, 6.000)
step= 17  t=17.000  (-6.013, -6.000)  (6.013, -6.000)  (-6.010, -2.000)  (6.010, -2.000)  (-6.010, 2.000)  (6.010, 2.000)  (-6.013, 6.000)  (6.013, 6.000)
step= 18  t=18.000  (-4.013, -6.000)  (4.014, -6.000)  (-4.010, -2.000)  (4.011, -2.000)  (-4.010, 2.000)  (4.011, 2.000)  (-4.014, 6.000)  (4.014, 6.000)
step= 19  t=19.000  (-2.134, -6.471)  (2.137, -6.481)  (-4.032, -1.975)  (4.031, -2.030)  (-3.855, 2.027)  (4.009, 2.031)  (-4.291, 6.081)  (2.139, 6.485)
step= 20  t=20.000  (-0.778, -7.657)  (0.779, -7.677)  (-3.525, -1.956)  (3.543, -2.040)  (-3.287, 2.050)  (3.606, 1.966)  (-4.225, 6.074)  (0.273, 6.982)
step= 21  t=21.000  (1.220, -7.576)  (-1.219, -7.595)  (-3.087, -2.022)  (3.136, -1.947)  (-2.228, 2.795)  (3.172, 1.790)  (-3.854, 5.996)  (-1.586, 7.478)
step= 22  t=22.000  (3.217, -7.495)  (-3.216, -7.513)  (-1.816, -2.844)  (2.808, -1.874)  (-0.343, 3.358)  (2.163, 1.711)  (-3.231, 5.859)  (-3.436, 7.981)
step= 23  t=23.000  (5.215, -7.414)  (-5.213, -7.431)  (0.017, -3.515)  (2.095, -1.994)  (1.579, 3.807)  (0.179, 1.619)  (-1.912, 5.740)  (-5.432, 7.873)
step= 24  t=24.000  (7.212, -7.332)  (-7.211, -7.349)  (1.811, -4.216)  (0.749, -1.908)  (3.576, 3.713)  (-1.821, 1.638)  (-0.187, 5.683)  (-7.428, 7.765)
step= 25  t=25.000  (9.209, -7.251)  (-9.208, -7.266)  (3.794, -4.104)  (-1.110, -1.976)  (5.573, 3.619)  (-3.820, 1.657)  (1.812, 5.699)  (-9.424, 7.657)
step= 26  t=26.000  (11.206, -7.170)  (-11.205, -7.184)  (5.790, -3.988)  (-3.109, -1.977)  (7.570, 3.526)  (-5.819, 1.676)  (3.811, 5.715)  (-11.420, 7.548)
step= 27  t=27.000  (13.204, -7.089)  (-13.202, -7.102)  (7.786, -3.872)  (-5.108, -1.978)  (9.567, 3.432)  (-7.818, 1.695)  (5.810, 5.731)  (-13.416, 7.440)
step= 28  t=28.000  (15.201, -7.008)  (-15.199, -7.020)  (9.782, -3.756)  (-7.108, -1.980)  (11.563, 3.338)  (-9.817, 1.714)  (7.809, 5.746)  (-15.412, 7.332)
step= 29  t=29.000  (17.198, -6.927)  (-17.197, -6.938)  (11.777, -3.640)  (-9.107, -1.981)  (13.560, 3.244)  (-11.816, 1.733)  (9.809, 5.762)  (-17.408, 7.224)
step= 30  t=30.000  (19.195, -6.845)  (-19.194, -6.856)  (13.773, -3.524)  (-11.106, -1.982)  (15.556, 3.150)  (-13.814, 1.752)  (11.808, 5.778)  (-19.404, 7.116)
step= 31  t=31.000  (21.193, -6.764)  (-21.191, -6.774)  (15.769, -3.408)  (-13.105, -1.983)  (17.553, 3.056)  (-15.813, 1.771)  (13.807, 5.794)  (-21.400, 7.008)
step= 32  t=32.000  (23.190, -6.683)  (-23.188, -6.691)  (17.765, -3.292)  (-15.104, -1.985)  (19.550, 2.962)  (-17.812, 1.790)  (15.806, 5.809)  (-23.396, 6.900)
step= 33  t=33.000  (25.187, -6.602)  (-25.185, -6.609)  (19.761, -3.176)  (-17.103, -1.986)  (21.546, 2.868)  (-19.811, 1.809)  (17.805, 5.825)  (-25.391, 6.791)
step= 34  t=34.000  (27.185, -6.521)  (-27.183, -6.527)  (21.757, -3.060)  (-19.103, -1.987)  (23.543, 2.774)  (-21.810, 1.828)  (19.804, 5.841)  (-27.387, 6.683)
step= 35  t=35.000  (29.182, -6.440)  (-29.180, -6.445)  (23.753, -2.944)  (-21.102, -1.988)  (25.540, 2.680)  (-23.809, 1.847)  (21.804, 5.857)  (-29.383, 6.575)
step= 36  t=36.000  (31.179, -6.358)  (-31.177, -6.363)  (25.748, -2.828)  (-23.101, -1.990)  (27.537, 2.586)  (-25.808, 1.866)  (23.803, 5.872)  (-31.379, 6.467)
step= 37  t=37.000  (33.176, -6.277)  (-33.174, -6.281)  (27.744, -2.712)  (-25.100, -1.991)  (29.535, 2.492)  (-27.808, 1.884)  (25.802, 5.888)  (-33.375, 6.359)
step= 38  t=38.000  (35.174, -6.196)  (-35.172, -6.199)  (29.740, -2.596)  (-27.099, -1.992)  (31.532, 2.398)  (-29.807, 1.903)  (27.801, 5.904)  (-35.371, 6.251)
step= 39  t=39.000  (37.171, -6.115)  (-37.169, -6.116)  (31.736, -2.480)  (-29.098, -1.993)  (33.529, 2.304)  (-31.806, 1.922)  (29.800, 5.920)  (-37.368, 6.143)
step= 40  t=40.000  (39.168, -6.034)  (-39.166, -6.034)  (33.732, -2.364)  (-31.097, -1.994)  (35.526, 2.210)  (-33.805, 1.941)  (31.799, 5.935)  (-39.364, 6.034)
step= 41  t=41.000  (40.394, -6.301)  (-40.439, -6.190)  (35.728, -2.248)  (-33.097, -1.996)  (37.523, 2.116)  (-35.804, 1.960)  (33.799, 5.951)  (-40.663, 6.375)
step= 42  t=42.000  (40.004, -6.217)  (-40.431, -6.721)  (37.724, -2.132)  (-35.096, -1.997)  (39.521, 2.023)  (-37.803, 1.979)  (35.798, 5.967)  (-40.097, 6.633)
step= 43  t=43.000  (40.000, -6.000)  (-39.876, -6.263)  (39.719, -2.016)  (-37.095, -1.998)  (41.117, 2.005)  (-39.803, 1.998)  (37.797, 5.983)  (-39.957, 6.049)
step= 44  t=44.000  (40.000, -6.000)  (-40.000, -6.000)  (40.845, -2.008)  (-39.095, -1.999)  (41.691, 1.936)  (-41.064, 2.298)  (39.796, 5.998)  (-40.000, 6.000)
step= 45  t=45.000  (40.000, -6.000)  (-40.000, -6.000)  (41.468, -2.069)  (-40.227, -2.002)  (40.513, 2.627)  (-41.630, 2.177)  (40.397, 6.500)  (-40.000, 6.000)
step= 46  t=46.000  (40.000, -6.000)  (-40.000, -6.000)  (41.512, -1.431)  (-40.939, -2.107)  (39.742, 2.461)  (-41.599, 1.992)  (40.563, 6.363)  (-40.000, 6.000)
step= 47  t=47.000  (40.000, -6.000)  (-40.000, -6.000)  (41.154, -1.125)  (-41.345, -2.168)  (39.333, 2.040)  (-40.247, 1.756)  (40.201, 6.160)  (-40.000, 6.000)
step= 48  t=48.000  (40.000, -6.000)  (-40.000, -6.000)  (40.780, -1.096)  (-41.280, -1.830)  (38.938, 1.900)  (-39.576, 1.691)  (40.000, 6.000)  (-40.000, 6.000)
step= 49  t=49.000  (40.000, -6.000)  (-40.000, -6.000)  (39.813, -1.478)  (-40.884, -1.725)  (38.758, 1.860)  (-39.213, 1.859)  (40.000, 6.000)  (-40.000, 6.000)
step= 50  t=50.000  (40.000, -6.000)  (-40.000, -6.000)  (39.267, -1.676)  (-40.000, -2.000)  (39.417, 1.691)  (-39.191, 1.982)  (40.000, 6.000)  (-40.000, 6.000)
step= 51  t=51.000  (40.000, -6.000)  (-40.000, -6.000)  (39.029, -1.620)  (-40.000, -2.000)  (40.019, 1.982)  (-39.990, 1.969)  (40.000, 6.000)  (-40.000, 6.000)
step= 52  t=52.000  (40.000, -6.000)  (-40.000, -6.000)  (39.295, -1.388)  (-40.000, -2.000)  (40.197, 2.001)  (-40.205, 1.831)  (40.000, 6.000)  (-40.000, 6.000)
step= 53  t=53.000  (40.000, -6.000)  (-40.000, -6.000)  (40.105, -1.487)  (-40.000, -2.000)  (40.161, 2.027)  (-40.037, 1.867)  (40.000, 6.000)  (-40.000, 6.000)
step= 54  t=54.000  (40.000, -6.000)  (-40.000, -6.000)  (40.650, -1.697)  (-40.000, -2.000)  (40.000, 2.000)  (-40.000, 2.000)  (40.000, 6.000)  (-40.000, 6.000)
step= 55  t=55.000  (40.000, -6.000)  (-40.000, -6.000)  (40.911, -1.659)  (-40.000, -2.000)  (40.000, 2.000)  (-40.000, 2.000)  (40.000, 6.000)  (-40.000, 6.000)
step= 56  t=56.000  (40.000, -6.000)  (-40.000, -6.000)  (40.871, -1.572)  (-40.000, -2.000)  (40.000, 2.000)  (-40.000, 2.000)  (40.000, 6.000)  (-40.000, 6.000)
step= 57  t=57.000  (40.000, -6.000)  (-40.000, -6.000)  (40.435, -1.538)  (-40.000, -2.000)  (40.000, 2.000)  (-40.000, 2.000)  (40.000, 6.000)  (-40.000, 6.000)
step= 58  t=58.000  (40.000, -6.000)  (-40.000, -6.000)  (39.853, -1.800)  (-40.000, -2.000)  (40.000, 2.000)  (-40.000, 2.000)  (40.000, 6.000)  (-40.000, 6.000)
step= 59  t=59.000  (40.000, -6.000)  (-40.000, -6.000)  (39.548, -1.817)  (-40.000, -2.000)  (40.000, 2.000)  (-40.000, 2.000)  (40.000, 6.000)  (-40.000, 6.000)
step= 60  t=60.000  (40.000, -6.000)  (-40.000, -6.000)  (39.517, -1.730)  (-40.000, -2.000)  (40.000, 2.000)  (-40.000, 2.000)  (40.000, 6.000)  (-40.000, 6.000)
step= 61  t=61.000  (40.000, -6.000)  (-40.000, -6.000)  (39.928, -1.666)  (-40.000, -2.000)  (40.000, 2.000)  (-40.000, 2.000)  (40.000, 6.000)  (-40.000, 6.000)
step= 62  t=62.000  (40.000, -6.000)  (-40.000, -6.000)  (40.213, -1.713)  (-40.000, -2.000)  (40.000, 2.000)  (-40.000, 2.000)  (40.000, 6.000)  (-40.000, 6.000)
step= 63  t=63.000  (40.000, -6.000)  (-40.000, -6.000)  (40.253, -1.684)  (-40.000, -2.000)  (40.000, 2.000)  (-40.000, 2.000)  (40.000, 6.000)  (-40.000, 6.000)
step= 64  t=64.000  (40.000, -6.000)  (-40.000, -6.000)  (40.044, -1.700)  (-40.000, -2.000)  (40.000, 2.000)  (-40.000, 2.000)  (40.000, 6.000)  (-40.000, 6.000)
step= 65  t=65.000  (40.000, -6.000)  (-40.000, -6.000)  (39.895, -1.771)  (-40.000, -2.000)  (40.000, 2.000)  (-40.000, 2.000)  (40.000, 6.000)  (-40.000, 6.000)
step= 66  t=66.000  (40.000, -6.000)  (-40.000, -6.000)  (39.909, -1.807)  (-40.000, -2.000)  (40.000, 2.000)  (-40.000, 2.000)  (40.000, 6.000)  (-40.000, 6.000)
step= 67  t=67.000  (40.000, -6.000)  (-40.000, -6.000)  (39.998, -1.871)  (-40.000, -2.000)  (40.000, 2.000)  (-40.000, 2.000)  (40.000, 6.000)  (-40.000, 6.000)
step= 68  t=68.000  (40.000, -6.000)  (-40.000, -6.000)  (40.018, -1.938)  (-40.000, -2.000)  (40.000, 2.000)  (-40.000, 2.000)  (40.000, 6.000)  (-40.000, 6.000)
step= 69  t=69.000  (40.000, -6.000)  (-40.000, -6.000)  (40.000, -2.000)  (-40.000, -2.000)  (40.000, 2.000)  (-40.000, 2.000)  (40.000, 6.000)  (-40.000, 6.000)
