Simulation has 8 agents and 0 obstacle vertices in it.
Running simulation
step= 0  t=0.000  (-40.000, -6.000)  (40.000, -6.000)  (-40.000, -2.000)  (40.000, -2.000)  (-40.000, 2.000)  (40.000, 2.000)  (-40.000, 6.000)  (40.000, 6.000)
step= 1  t=1.000  (-38.001, -6.000)  (38.001, -6.000)  (-38.001, -2.000)  (38.001, -2.000)  (-38.001, 2.000)  (38.001, 2.004)  (-38.001, 6.000)  (38.001, 6.000)
step= 2  t=2.000  (-36.002, -6.000)  (36.002, -6.000)  (-36.001, -2.000)  (36.001, -2.000)  (-36.001, 2.000)  (36.001, 2.004)  (-36.002, 6.000)  (36.001, 6.000)
step= 3  t=3.000  (-34.002, -6.000)  (34.002, -6.000)  (-34.002, -2.000)  (34.002, -2.000)  (-34.002, 2.000)  (34.002, 2.004)  (-34.002, 6.000)  (34.002, 6.000)
step= 4  t=4.000  (-32.003, -6.000)  (32.003, -6.000)  (-32.002, -2.000)  (32.002, -2.000)  (-32.002, 2.000)  (32.003, 2.004)  (-32.003, 6.000)  (32.003, 6.000)
step= 5  t=5.000  (-30.004, -6.000)  (30.004, -6.000)  (-30.003, -2.000)  (30.003, -2.000)  (-30.003, 2.000)  (30.003, 2.004)  (-30.004, 6.000)  (30.004, 6.000)
step= 6  t=6.000  (-28.005, -6.000)  (28.005, -6.000)  (-28.004, -2.000)  (28.003, -2.000)  (-28.003, 2.000)  (28.004, 2.004)  (-28.005, 6.000)  (28.004, 6.000)
step= 7  t=7.000  (-26.005, -6.000)  (26.005, -6.000)  (-26.004, -2.000)  (26.004, -2.000)  (-26.004, 2.000)  (26.004, 2.003)  (-26.005, 6.000)  (26.005, 6.000)
step= 8  t=8.000  (-24.006, -6.000)  (24.006, -6.000)  (-24.005, -2.000)  (24.005, -2.000)  (-24.005, 2.000)  (24.005, 2.003)  (-24.006, 6.000)  (24.006, 6.000)
step= 9  t=9.000  (-22.007, -6.000)  (22.007, -6.000)  (-22.005, -2.000)  (22.005, -2.000)  (-22.005, 2.000)  (22.006, 2.003)  (-22.007, 6.000)  (22.007, 6.000)
step= 10  t=10.000  (-20.008, -6.000)  (20.007, -6.000)  (-20.006, -2.000)  (20.006, -2.000)  (-20.006, 2.000)  (20.006, 2.003)  (-20.008, 6.000)  (20.007, 6.000)
step= 11  t=11.000  (-18.008, -6.000)  (18.008, -6.000)  (-18.007, -2.000)  (18.006, -2.000)  (-18.006, 2.000)  (18.007, 2.003)  (-18.008, 6.000)  (18.008, 6.000)
step= 12  t=12.000  (-16.009, -6.000)  (16.009, -6.000)  (-16.007, -2.000)  (16.007, -2.000)  (-16.007, 2.000)  (16.007, 2.003)  (-16.009, 6.000)  (16.009, 6.000)
step= 13  t=13.000  (-14.010, -6.000)  (14.010, -6.000)  (-14.008, -2.000)  (14.007, -2.000)  (-14.007, 2.000)  (14.008, 2.003)  (-14.010, 6.000)  (14.010, 6.000)
step= 14  t=14.000  (-12.011, -6.000)  (12.010, -6.000)  (-12.008, -2.000)  (12.008, -2.000)  (-12.008, 2.000)  (12.008, 2.003)  (-12.011, 6.000)  (12.010, 6.000)
step= 15  t=15.000  (-10.012, -6.000)  (10.011, -6.000)  (-10.009, -2.000)  (10.009, -2.000)  (-10.009, 2.000)  (10.009, 2.003)  (-10.011, 6.000)  (10.011, 6.000)
step= 16  t=16.000  (-8.012, -6.000)  (8.012, -6.000)  (-8.010, -2.000)  (8.009, -2.000)  (-8.009, 2.000)  (8.010, 2.003)  (-8.012, 6.000)  (8.012, 6.000)
step= 17  t=17.000  (-6.013, -6.000)  (6.013, -6.000)  (-6.010, -2.000)  (6.010, -2.000)  (-6.010, 2.000)  (6.010, 2.002)  (-6.013, 6.000)  (6.013, 6.000)
step= 18  t=18.000  (-4.014, -6.000)  (4.013, -6.000)  (-4.011, -2.000)  (4.010, -2.000)  (-4.010, 2.000)  (4.011, 2.002)  (-4.014, 6.000)  (4.013, 6.000)
step= 19  t=19.000  (-3.464, -5.881)  (2.131, -6.458)  (-4.034, -2.064)  (3.419, -2.144)  (-3.979, 1.998)  (3.986, 2.015)  (-3.995, 6.023)  (2.128, 6.446)
step= 20  t=20.000  (-2.946, -5.759)  (0.258, -6.911)  (-3.858, -1.948)  (2.639, -2.306)  (-3.460, 1.994)  (3.464, 1.995)  (-3.478, 5.880)  (0.257, 6.905)
step= 21  t=21.000  (-2.926, -5.762)  (-1.591, -7.383)  (-3.495, -1.800)  (1.750, -2.517)  (-3.016, 2.076)  (2.995, 1.851)  (-2.821, 5.677)  (-1.600, 7.364)
step= 22  t=22.000  (-3.729, -5.985)  (-3.347, -7.923)  (-3.104, -1.675)  (0.057, -2.931)  (-2.546, 2.191)  (2.476, 1.684)  (-1.965, 5.294)  (-3.389, 7.880)
step= 23  t=23.000  (-3.303, -6.711)  (-5.325, -8.216)  (-3.465, -1.766)  (-1.815, -3.383)  (-2.018, 2.321)  (2.010, 1.537)  (0.034, 5.328)  (-5.386, 7.778)
step= 24  t=24.000  (-1.304, -6.678)  (-7.320, -8.088)  (-3.575, -1.765)  (-3.661, -3.858)  (-0.752, 2.717)  (1.232, 1.287)  (2.033, 5.361)  (-7.382, 7.675)
step= 25  t=25.000  (0.695, -6.645)  (-9.315, -7.961)  (-2.592, -2.023)  (-5.658, -3.756)  (0.959, 3.293)  (0.465, 1.023)  (4.032, 5.395)  (-9.378, 7.573)
step= 26  t=26.000  (2.694, -6.613)  (-11.310, -7.833)  (-0.825, -1.939)  (-7.655, -3.654)  (2.796, 3.266)  (-1.376, 1.098)  (6.031, 5.428)  (-11.375, 7.470)
step= 27  t=27.000  (4.693, -6.580)  (-13.305, -7.706)  (1.174, -1.942)  (-9.651, -3.552)  (4.794, 3.198)  (-3.375, 1.145)  (8.029, 5.462)  (-13.371, 7.368)
step= 28  t=28.000  (6.691, -6.547)  (-15.300, -7.578)  (3.173, -1.945)  (-11.647, -3.450)  (6.792, 3.130)  (-5.373, 1.191)  (10.028, 5.496)  (-15.368, 7.265)
step= 29  t=29.000  (8.690, -6.514)  (-17.294, -7.451)  (5.172, -1.948)  (-13.643, -3.348)  (8.790, 3.062)  (-7.371, 1.238)  (12.026, 5.529)  (-17.364, 7.162)
step= 30  t=30.000  (10.689, -6.481)  (-19.289, -7.323)  (7.172, -1.951)  (-15.639, -3.246)  (10.788, 2.994)  (-9.369, 1.285)  (14.024, 5.563)  (-19.361, 7.060)
step= 31  t=31.000  (12.687, -6.448)  (-21.284, -7.196)  (9.171, -1.954)  (-17.636, -3.144)  (12.787, 2.926)  (-11.368, 1.331)  (16.023, 5.597)  (-21.358, 6.957)
step= 32  t=32.000  (14.686, -6.416)  (-23.279, -7.068)  (11.170, -1.957)  (-19.632, -3.042)  (14.785, 2.858)  (-13.366, 1.378)  (18.021, 5.630)  (-23.354, 6.855)
step= 33  t=33.000  (16.684, -6.383)  (-25.274, -6.941)  (13.169, -1.960)  (-21.628, -2.939)  (16.783, 2.790)  (-15.364, 1.425)  (20.020, 5.664)  (-25.351, 6.752)
step= 34  t=34.000  (18.683, -6.350)  (-27.269, -6.813)  (15.168, -1.963)  (-23.624, -2.837)  (18.781, 2.722)  (-17.362, 1.471)  (22.018, 5.697)  (-27.347, 6.650)
step= 35  t=35.000  (20.682, -6.317)  (-29.264, -6.686)  (17.168, -1.966)  (-25.621, -2.735)  (20.779, 2.654)  (-19.361, 1.518)  (24.017, 5.731)  (-29.344, 6.547)
step= 36  t=36.000  (22.680, -6.284)  (-31.258, -6.559)  (19.167, -1.969)  (-27.617, -2.633)  (22.777, 2.586)  (-21.359, 1.565)  (26.016, 5.765)  (-31.341, 6.445)
step= 37  t=37.000  (24.679, -6.252)  (-33.253, -6.431)  (21.166, -1.972)  (-29.614, -2.531)  (24.776, 2.518)  (-23.357, 1.611)  (28.015, 5.798)  (-33.337, 6.342)
step= 38  t=38.000  (26.678, -6.219)  (-35.248, -6.304)  (23.165, -1.975)  (-31.610, -2.429)  (26.774, 2.450)  (-25.355, 1.658)  (30.013, 5.832)  (-35.333, 6.240)
step= 39  t=39.000  (28.676, -6.186)  (-37.243, -6.176)  (25.164, -1.978)  (-33.607, -2.327)  (28.772, 2.382)  (-27.353, 1.705)  (32.012, 5.866)  (-37.329, 6.137)
step= 40  t=40.000  (30.675, -6.153)  (-39.238, -6.049)  (27.164, -1.981)  (-35.604, -2.225)  (30.770, 2.314)  (-29.352, 1.751)  (34.010, 5.899)  (-39.326, 6.035)
step= 41  t=41.000  (32.674, -6.120)  (-40.282, -6.336)  (29.163, -1.984)  (-37.600, -2.123)  (32.768, 2.246)  (-31.350, 1.798)  (36.009, 5.933)  (-40.009, 6.017)
step= 42  t=42.000  (34.673, -6.087)  (-40.000, -6.000)  (31.162, -1.987)  (-39.597, -2.021)  (34.766, 2.178)  (-33.349, 1.845)  (38.008, 5.966)  (-40.000, 6.000)
step= 43  t=43.000  (36.672, -6.055)  (-40.000, -6.000)  (33.161, -1.990)  (-40.858, -2.354)  (36.764, 2.110)  (-35.347, 1.891)  (40.000, 6.000)  (-40.000, 6.000)
step= 44  t=44.000  (38.671, -6.022)  (-40.000, -6.000)  (35.160, -1.993)  (-41.378, -2.416)  (38.763, 2.042)  (-37.346, 1.938)  (40.000, 6.000)  (-40.000, 6.000)
step= 45  t=45.000  (40.174, -6.163)  (-40.000, -6.000)  (37.160, -1.996)  (-41.455, -1.988)  (40.169, 2.180)  (-39.345, 1.985)  (40.000, 6.000)  (-40.000, 6.000)
step= 46  t=46.000  (40.000, -6.084)  (-40.000, -6.000)  (39.159, -1.999)  (-40.913, -1.476)  (40.000, 2.000)  (-40.496, 2.168)  (40.000, 6.000)  (-40.000, 6.000)
step= 47  t=47.000  (40.000, -6.000)  (-40.000, -6.000)  (40.094, -2.045)  (-39.913, -1.343)  (40.000, 2.000)  (-41.077, 2.220)  (40.000, 6.000)  (-40.000, 6.000)
step= 48  t=48.000  (40.000, -6.000)  (-40.000, -6.000)  (40.527, -2.035)  (-39.194, -1.358)  (40.000, 2.000)  (-41.076, 2.037)  (40.000, 6.000)  (-40.000, 6.000)
step= 49  t=49.000  (40.000, -6.000)  (-40.000, -6.000)  (40.611, -2.051)  (-38.828, -1.210)  (40.000, 2.000)  (-40.614, 2.048)  (40.000, 6.000)  (-40.000, 6.000)
step= 50  t=50.000  (40.000, -6.000)  (-40.000, -6.000)  (40.419, -2.116)  (-38.730, -1.137)  (40.000, 2.000)  (-40.020, 2.051)  (40.000, 6.000)  (-40.000, 6.000)
step= 51  t=51.000  (40.000, -6.000)  (-40.000, -6.000)  (40.035, -2.139)  (-39.892, -1.039)  (40.000, 2.000)  (-39.780, 2.131)  (40.000, 6.000)  (-40.000, 6.000)
step= 52  t=52.000  (40.000, -6.000)  (-40.000, -6.000)  (39.948, -2.170)  (-40.736, -1.657)  (40.000, 2.000)  (-40.000, 2.000)  (40.000, 6.000)  (-40.000, 6.000)
step= 53  t=53.000  (40.000, -6.000)  (-40.000, -6.000)  (40.016, -2.062)  (-41.099, -1.994)  (40.000, 2.000)  (-40.000, 2.000)  (40.000, 6.000)  (-40.000, 6.000)
step= 54  t=54.000  (40.000, -6.000)  (-40.000, -6.000)  (40.000, -2.000)  (-41.181, -2.114)  (40.000, 2.000)  (-40.000, 2.000)  (40.000, 6.000)  (-40.000, 6.000)
step= 55  t=55.000  (40.000, -6.000)  (-40.000, -6.000)  (40.000, -2.000)  (-41.071, -2.077)  (40.000, 2.000)  (-40.000, 2.000)  (40.000, 6.000)  (-40.000, 6.000)
step= 56  t=56.000  (40.000, -6.000)  (-40.000, -6.000)  (40.000, -2.000)  (-40.592, -1.793)  (40.000, 2.000)  (-40.000, 2.000)  (40.000, 6.000)  (-40.000, 6.000)
step= 57  t=57.000  (40.000, -6.000)  (-40.000, -6.000)  (40.000, -2.000)  (-39.950, -1.708)  (40.000, 2.000)  (-40.000, 2.000)  (40.000, 6.000)  (-40.000, 6.000)
step= 58  t=58.000  (40.000, -6.000)  (-40.000, -6.000)  (40.000, -2.000)  (-39.625, -1.547)  (40.000, 2.000)  (-40.000, 2.000)  (40.000, 6.000)  (-40.000, 6.000)
step= 59  t=59.000  (40.000, -6.000)  (-40.000, -6.000)  (40.000, -2.000)  (-39.563, -1.476)  (40.000, 2.000)  (-40.000, 2.000)  (40.000, 6.000)  (-40.000, 6.000)
step= 60  t=60.000  (40.000, -6.000)  (-40.000, -6.000)  (40.000, -2.000)  (-39.784, -1.586)  (40.000, 2.000)  (-40.000, 2.000)  (40.000, 6.000)  (-40.000, 6.000)
step= 61  t=61.000  (40.000, -6.000)  (-40.000, -6.000)  (40.000, -2.000)  (-40.072, -1.947)  (40.000, 2.000)  (-40.000, 2.000)  (40.000, 6.000)  (-40.000, 6.000)
step= 62  t=62.000  (40.000, -6.000)  (-40.000, -6.000)  (40.000, -2.000)  (-40.140, -2.042)  (40.000, 2.000)  (-40.000, 2.000)  (40.000, 6.000)  (-40.000, 6.000)
step= 63  t=63.000  (40.000, -6.000)  (-40.000, -6.000)  (40.000, -2.000)  (-40.043, -1.971)  (40.000, 2.000)  (-40.000, 2.000)  (40.000, 6.000)  (-40.000, 6.000)
step= 64  t=64.000  (40.000, -6.000)  (-40.000, -6.000)  (40.000, -2.000)  (-40.005, -1.989)  (40.000, 2.000)  (-40.000, 2.000)  (40.000, 6.000)  (-40.000, 6.000)
step= 65  t=65.000  (40.000, -6.000)  (-40.000, -6.000)  (40.000, -2.000)  (-40.000, -2.000)  (40.000, 2.000)  (-40.000, 2.000)  (40.000, 6.000)  (-40.000, 6.000)
