step= 0  t=0.000  (1.999, -0.000)  (-1.999, -0.000)  (1.999, 0.000)  (-1.999, 0.000)  (1.999, 0.000)  (-1.999, 0.000)  (1.999, 0.000)  (-1.999, 0.000)
step= 1  t=1.000  (1.999, -0.000)  (-1.999, -0.000)  (1.999, -0.000)  (-1.999, -0.000)  (1.999, 0.000)  (-1.999, 0.000)  (1.999, 0.000)  (-1.999, 0.000)
step= 2  t=2.000  (1.999, -0.000)  (-1.999, -0.000)  (1.999, -0.000)  (-1.999, -0.000)  (1.999, 0.000)  (-1.999, 0.000)  (1.999, 0.000)  (-1.999, 0.000)
step= 3  t=3.000  (1.999, -0.000)  (-1.999, -0.000)  (1.999, -0.000)  (-1.999, -0.000)  (1.999, 0.000)  (-1.999, 0.000)  (1.999, 0.000)  (-1.999, 0.000)
step= 4  t=4.000  (1.999, -0.000)  (-1.999, -0.000)  (1.999, -0.000)  (-1.999, -0.000)  (1.999, 0.000)  (-1.999, 0.000)  (1.999, 0.000)  (-1.999, 0.000)
step= 5  t=5.000  (1.999, -0.000)  (-1.999, -0.000)  (1.999, -0.000)  (-1.999, -0.000)  (1.999, 0.000)  (-1.999, 0.000)  (1.999, 0.000)  (-1.999, 0.000)
step= 6  t=6.000  (1.999, -0.000)  (-1.999, -0.000)  (1.999, -0.000)  (-1.999, -0.000)  (1.999, 0.000)  (-1.999, 0.000)  (1.999, 0.000)  (-1.999, 0.000)
step= 7  t=7.000  (1.999, -0.000)  (-1.999, -0.000)  (1.999, -0.000)  (-1.999, -0.000)  (1.999, 0.000)  (-1.999, 0.000)  (1.999, 0.000)  (-1.999, 0.000)
step= 8  t=8.000  (1.999, -0.000)  (-1.999, -0.000)  (1.999, -0.000)  (-1.999, -0.000)  (1.999, 0.000)  (-1.999, 0.000)  (1.999, 0.000)  (-1.999, 0.000)
step= 9  t=9.000  (1.999, -0.000)  (-1.999, -0.000)  (1.999, -0.000)  (-1.999, -0.000)  (1.999, 0.000)  (-1.999, 0.000)  (1.999, 0.000)  (-1.999, 0.000)
step= 10  t=10.000  (1.999, -0.000)  (-1.999, -0.000)  (1.999, -0.000)  (-1.999, -0.000)  (1.999, 0.000)  (-1.999, 0.000)  (1.999, 0.000)  (-1.999, 0.000)
step= 11  t=11.000  (1.999, -0.000)  (-1.999, -0.000)  (1.999, -0.000)  (-1.999, -0.000)  (1.999, 0.000)  (-1.999, 0.000)  (1.999, 0.000)  (-1.999, 0.000)
step= 12  t=12.000  (1.999, -0.000)  (-1.999, -0.000)  (1.999, -0.000)  (-1.999, -0.000)  (1.999, 0.000)  (-1.999, 0.000)  (1.999, 0.000)  (-1.999, 0.000)
step= 13  t=13.000  (1.999, -0.000)  (-1.999, -0.000)  (1.999, -0.000)  (-1.999, -0.000)  (1.999, 0.000)  (-1.999, 0.000)  (1.999, 0.000)  (-1.999, 0.000)
step= 14  t=14.000  (1.999, -0.000)  (-1.999, -0.000)  (1.999, -0.000)  (-1.999, -0.000)  (1.999, 0.000)  (-1.999, 0.000)  (1.999, 0.000)  (-1.999, 0.000)
step= 15  t=15.000  (1.999, -0.000)  (-1.999, -0.000)  (1.999, -0.000)  (-1.999, -0.000)  (1.999, 0.000)  (-1.999, 0.000)  (1.999, 0.000)  (-1.999, 0.000)
step= 16  t=16.000  (1.999, -0.000)  (-1.999, -0.000)  (1.999, -0.000)  (-1.999, -0.000)  (1.999, 0.000)  (-1.999, 0.000)  (1.999, 0.000)  (-1.999, 0.000)
step= 17  t=17.000  (1.999, -0.000)  (-1.999, -0.000)  (1.999, -0.000)  (-1.999, -0.000)  (1.999, 0.000)  (-1.999, 0.000)  (1.999, 0.000)  (-1.999, 0.000)
step= 18  t=18.000  (1.851, -0.580)  (1.940, -0.484)  (-0.000, 0.000)  (-0.000, 0.000)  (0.000, -0.000)  (0.000, -0.000)  (-1.940, 0.484)  (-1.851, 0.580)
step= 19  t=19.000  (1.999, 0.025)  (1.224, 0.270)  (0.602, 0.000)  (-0.602, 0.000)  (0.602, -0.000)  (-0.602, -0.000)  (-1.224, -0.270)  (-1.999, -0.025)
step= 20  t=20.000  (1.999, 0.028)  (0.286, 1.302)  (0.507, 0.260)  (-1.799, -0.656)  (1.799, 0.656)  (-0.507, -0.260)  (-0.286, -1.302)  (-1.999, -0.028)
step= 21  t=21.000  (1.999, 0.028)  (-0.361, 0.870)  (-0.253, -0.080)  (-1.838, -0.604)  (1.838, 0.604)  (0.253, 0.080)  (0.361, -0.870)  (-1.999, -0.028)
step= 22  t=22.000  (1.999, 0.028)  (-1.646, 0.219)  (0.665, 0.036)  (-1.861, -0.612)  (1.861, 0.612)  (-0.665, -0.036)  (1.646, -0.219)  (-1.999, -0.028)
step= 23  t=23.000  (1.999, 0.028)  (-1.997, -0.096)  (1.036, 0.212)  (-1.993, -0.169)  (1.993, 0.169)  (-1.036, -0.212)  (1.997, 0.096)  (-1.999, -0.028)
step= 24  t=24.000  (1.999, 0.028)  (-1.997, -0.096)  (2.000, -0.015)  (-1.996, 0.113)  (1.996, -0.113)  (-2.000, 0.015)  (1.997, 0.096)  (-1.999, -0.028)
step= 25  t=25.000  (1.999, 0.028)  (-1.997, -0.096)  (1.999, -0.021)  (-1.996, 0.113)  (1.996, -0.113)  (-1.999, 0.021)  (1.997, 0.096)  (-1.999, -0.028)
step= 26  t=26.000  (1.999, 0.028)  (-1.997, -0.096)  (1.999, -0.021)  (-1.995, 0.113)  (1.995, -0.113)  (-1.999, 0.021)  (1.997, 0.096)  (-1.999, -0.028)
step= 27  t=27.000  (1.999, 0.028)  (-1.997, -0.096)  (1.999, -0.021)  (-1.995, 0.113)  (1.995, -0.113)  (-1.999, 0.021)  (1.997, 0.096)  (-1.999, -0.028)
step= 28  t=28.000  (1.999, 0.028)  (-1.997, -0.096)  (1.999, -0.021)  (-1.995, 0.113)  (1.995, -0.113)  (-1.999, 0.021)  (1.997, 0.096)  (-1.999, -0.028)
step= 29  t=29.000  (1.999, 0.028)  (-1.997, -0.096)  (1.999, -0.021)  (-1.995, 0.113)  (1.995, -0.113)  (-1.999, 0.021)  (1.997, 0.096)  (-1.999, -0.028)
step= 30  t=30.000  (1.999, 0.028)  (-1.997, -0.096)  (1.999, -0.021)  (-1.995, 0.113)  (1.995, -0.113)  (-1.999, 0.021)  (1.997, 0.096)  (-1.999, -0.028)
step= 31  t=31.000  (1.999, 0.028)  (-1.997, -0.096)  (1.999, -0.021)  (-1.995, 0.113)  (1.995, -0.113)  (-1.999, 0.021)  (1.997, 0.096)  (-1.999, -0.028)
step= 32  t=32.000  (1.999, 0.028)  (-1.997, -0.096)  (1.999, -0.021)  (-1.995, 0.113)  (1.995, -0.113)  (-1.999, 0.021)  (1.997, 0.096)  (-1.999, -0.028)
step= 33  t=33.000  (1.999, 0.028)  (-1.997, -0.096)  (1.999, -0.021)  (-1.996, 0.113)  (1.996, -0.113)  (-1.999, 0.021)  (1.997, 0.096)  (-1.999, -0.028)
step= 34  t=34.000  (1.999, 0.028)  (-1.997, -0.096)  (1.999, -0.021)  (-1.996, 0.113)  (1.996, -0.113)  (-1.999, 0.021)  (1.997, 0.096)  (-1.999, -0.028)
step= 35  t=35.000  (1.999, 0.028)  (-1.997, -0.096)  (1.999, -0.021)  (-1.996, 0.113)  (1.996, -0.113)  (-1.999, 0.021)  (1.997, 0.096)  (-1.999, -0.028)
step= 36  t=36.000  (1.999, 0.028)  (-1.997, -0.096)  (1.999, -0.021)  (-1.996, 0.113)  (1.996, -0.113)  (-1.999, 0.021)  (1.997, 0.096)  (-1.999, -0.028)
step= 37  t=37.000  (1.999, 0.028)  (-1.997, -0.096)  (1.999, -0.021)  (-1.996, 0.113)  (1.996, -0.113)  (-1.999, 0.021)  (1.997, 0.096)  (-1.999, -0.028)
step= 38  t=38.000  (1.999, 0.028)  (-1.997, -0.096)  (1.999, -0.021)  (-1.996, 0.113)  (1.996, -0.113)  (-1.999, 0.021)  (1.997, 0.096)  (-1.999, -0.028)
step= 39  t=39.000  (1.999, 0.028)  (-1.997, -0.096)  (1.999, -0.021)  (-1.996, 0.113)  (1.996, -0.113)  (-1.999, 0.021)  (1.997, 0.096)  (-1.999, -0.028)
step= 40  t=40.000  (0.269, -0.162)  (-1.997, -0.096)  (1.999, -0.021)  (-1.996, 0.113)  (1.996, -0.113)  (-1.999, 0.021)  (1.997, 0.096)  (-0.269, 0.162)
step= 41  t=41.000  (-0.088, 0.154)  (-1.997, -0.096)  (1.999, -0.021)  (-1.990, 0.113)  (1.990, -0.113)  (-1.999, 0.021)  (1.997, 0.096)  (0.088, -0.154)
step= 42  t=42.000  (0.003, 0.010)  (-1.997, -0.096)  (1.999, -0.021)  (0.000, 0.000)  (0.000, 0.000)  (-1.999, 0.021)  (1.997, 0.096)  (-0.003, -0.010)
step= 43  t=43.000  (0.000, 0.000)  (-1.997, -0.096)  (1.999, -0.021)  (0.000, 0.000)  (0.000, 0.000)  (-1.999, 0.021)  (1.997, 0.096)  (0.000, 0.000)
step= 44  t=44.000  (0.000, 0.000)  (-1.997, -0.096)  (1.475, -0.015)  (0.000, 0.000)  (0.000, 0.000)  (-1.475, 0.015)  (1.997, 0.096)  (0.000, 0.000)
step= 45  t=45.000  (0.000, 0.000)  (-1.525, -0.073)  (0.000, 0.000)  (0.000, 0.000)  (0.000, 0.000)  (0.000, 0.000)  (1.525, 0.073)  (0.000, 0.000)
