Simulation has 8 agents and 0 obstacle vertices in it.
Running simulation
step= 0  t=0.000  (-40.000, -6.000)  (40.000, -6.000)  (-40.000, -2.000)  (40.000, -2.000)  (-40.000, 2.000)  (40.000, 2.000)  (-40.000, 6.000)  (40.000, 6.000)
step= 1  t=1.000  (-38.001, -6.000)  (38.001, -6.000)  (-38.001, -2.000)  (38.001, -2.000)  (-38.001, 2.000)  (38.001, 2.000)  (-38.001, 6.000)  (38.001, 6.000)
step= 2  t=2.000  (-36.001, -6.000)  (36.001, -6.000)  (-36.001, -2.000)  (36.001, -2.000)  (-36.001, 2.000)  (36.001, 2.000)  (-36.001, 6.000)  (36.001, 6.000)
step= 3  t=3.000  (-34.002, -6.000)  (34.002, -6.000)  (-34.002, -2.000)  (34.002, -2.000)  (-34.002, 2.000)  (34.002, 2.000)  (-34.002, 6.000)  (34.002, 6.000)
step= 4  t=4.000  (-32.003, -6.000)  (32.003, -6.000)  (-32.002, -2.000)  (32.002, -2.000)  (-32.002, 2.000)  (32.002, 2.000)  (-32.003, 6.000)  (32.003, 6.000)
step= 5  t=5.000  (-30.004, -6.000)  (30.004, -6.000)  (-30.003, -2.000)  (30.003, -2.000)  (-30.003, 2.000)  (30.003, 2.000)  (-30.004, 6.000)  (30.004, 6.000)
step= 6  t=6.000  (-28.004, -6.000)  (28.004, -6.000)  (-28.004, -2.000)  (28.004, -2.000)  (-28.004, 2.000)  (28.004, 2.000)  (-28.004, 6.000)  (28.004, 6.000)
step= 7  t=7.000  (-26.005, -6.000)  (26.005, -6.000)  (-26.004, -2.000)  (26.004, -2.000)  (-26.004, 2.000)  (26.004, 2.000)  (-26.005, 6.000)  (26.005, 6.000)
step= 8  t=8.000  (-24.006, -6.000)  (24.006, -6.000)  (-24.005, -2.000)  (24.005, -2.000)  (-24.005, 2.000)  (24.005, 2.000)  (-24.006, 6.000)  (24.006, 6.000)
step= 9  t=9.000  (-22.006, -6.000)  (22.006, -6.000)  (-22.006, -2.000)  (22.006, -2.000)  (-22.006, 2.000)  (22.006, 2.000)  (-22.006, 6.000)  (22.006, 6.000)
step= 10  t=10.000  (-20.007, -6.000)  (20.007, -6.000)  (-20.006, -2.000)  (20.006, -2.000)  (-20.006, 2.000)  (20.006, 2.000)  (-20.007, 6.000)  (20.007, 6.000)
step= 11  t=11.000  (-18.008, -6.000)  (18.008, -6.000)  (-18.007, -2.000)  (18.007, -2.000)  (-18.007, 2.000)  (18.007, 2.000)  (-18.008, 6.000)  (18.008, 6.000)
step= 12  t=12.000  (-16.009, -6.000)  (16.009, -6.000)  (-16.007, -2.000)  (16.007, -2.000)  (-16.007, 2.000)  (16.007, 2.000)  (-16.009, 6.000)  (16.009, 6.000)
step= 13  t=13.000  (-14.009, -6.000)  (14.009, -6.000)  (-14.008, -2.000)  (14.008, -2.000)  (-14.008, 2.000)  (14.008, 2.000)  (-14.009, 6.000)  (14.009, 6.000)
step= 14  t=14.000  (-12.010, -6.000)  (12.010, -6.000)  (-12.009, -2.000)  (12.009, -2.000)  (-12.009, 2.000)  (12.009, 2.000)  (-12.010, 6.000)  (12.010, 6.000)
step= 15  t=15.000  (-10.011, -6.000)  (10.011, -6.000)  (-10.009, -2.000)  (10.009, -2.000)  (-10.009, 2.000)  (10.009, 2.000)  (-10.011, 6.000)  (10.011, 6.000)
step= 16  t=16.000  (-8.011, -6.000)  (8.011, -6.000)  (-8.010, -2.000)  (8.010, -2.000)  (-8.010, 2.000)  (8.010, 2.000)  (-8.011, 6.000)  (8.011, 6.000)
step= 17  t=17.000  (-6.012, -6.000)  (6.012, -6.000)  (-6.010, -2.000)  (6.010, -2.000)  (-6.010, 2.000)  (6.010, 2.000)  (-6.012, 6.000)  (6.012, 6.000)
step= 18  t=18.000  (-4.013, -6.000)  (4.013, -6.000)  (-4.011, -2.000)  (4.011, -2.000)  (-4.011, 2.000)  (4.011, 2.000)  (-4.013, 6.000)  (4.013, 6.000)
step= 19  t=19.000  (-2.162, -6.580)  (5.953, -6.484)  (-4.011, -2.000)  (4.011, -2.000)  (-4.011, 2.000)  (4.011, 2.000)  (-5.953, 6.484)  (2.162, 6.580)
step= 20  t=20.000  (-0.163, -6.554)  (7.177, -6.215)  (-3.409, -2.000)  (3.409, -2.000)  (-3.409, 2.000)  (3.409, 2.000)  (-7.177, 6.215)  (0.163, 6.554)
step= 21  t=21.000  (1.837, -6.527)  (7.464, -4.913)  (-2.902, -1.740)  (1.610, -2.656)  (-1.610, 2.656)  (2.902, 1.740)  (-7.464, 4.913)  (-1.837, 6.527)
step= 22  t=22.000  (3.836, -6.499)  (7.103, -4.043)  (-3.156, -1.820)  (-0.228, -3.261)  (0.228, 3.261)  (3.156, 1.820)  (-7.103, 4.043)  (-3.836, 6.499)
step= 23  t=23.000  (5.835, -6.471)  (5.457, -3.824)  (-2.490, -1.784)  (-2.088, -3.872)  (2.088, 3.872)  (2.490, 1.784)  (-5.457, 3.824)  (-5.835, 6.471)
step= 24  t=24.000  (7.834, -6.444)  (3.460, -3.920)  (-1.454, -1.572)  (-4.081, -4.041)  (4.081, 4.041)  (1.454, 1.572)  (-3.460, 3.920)  (-7.834, 6.444)
step= 25  t=25.000  (9.833, -6.416)  (1.463, -4.015)  (0.546, -1.587)  (-6.077, -3.928)  (6.077, 3.928)  (-0.546, 1.587)  (-1.463, 4.015)  (-9.833, 6.416)
step= 26  t=26.000  (11.832, -6.389)  (-0.534, -4.111)  (2.545, -1.608)  (-8.073, -3.814)  (8.073, 3.814)  (-2.545, 1.608)  (0.534, 4.111)  (-11.832, 6.389)
step= 27  t=27.000  (13.831, -6.361)  (-2.531, -4.207)  (4.544, -1.629)  (-10.069, -3.701)  (10.069, 3.701)  (-4.544, 1.629)  (2.531, 4.207)  (-13.831, 6.361)
step= 28  t=28.000  (15.830, -6.334)  (-4.528, -4.302)  (6.543, -1.650)  (-12.064, -3.588)  (12.064, 3.588)  (-6.543, 1.650)  (4.528, 4.302)  (-15.830, 6.334)
step= 29  t=29.000  (17.829, -6.306)  (-6.525, -4.398)  (8.542, -1.671)  (-14.060, -3.474)  (14.060, 3.474)  (-8.542, 1.671)  (6.525, 4.398)  (-17.829, 6.306)
step= 30  t=30.000  (19.828, -6.278)  (-8.522, -4.493)  (10.541, -1.691)  (-16.055, -3.361)  (16.055, 3.361)  (-10.541, 1.691)  (8.522, 4.493)  (-19.828, 6.278)
step= 31  t=31.000  (21.827, -6.251)  (-10.519, -4.589)  (12.540, -1.712)  (-18.050, -3.247)  (18.050, 3.247)  (-12.540, 1.712)  (10.519, 4.589)  (-21.827, 6.251)
step= 32  t=32.000  (23.826, -6.223)  (-12.516, -4.685)  (14.538, -1.733)  (-20.046, -3.134)  (20.046, 3.134)  (-14.538, 1.733)  (12.516, 4.685)  (-23.826, 6.223)
step= 33  t=33.000  (25.825, -6.196)  (-14.513, -4.780)  (16.537, -1.754)  (-22.041, -3.021)  (22.041, 3.021)  (-16.537, 1.754)  (14.513, 4.780)  (-25.825, 6.196)
step= 34  t=34.000  (27.823, -6.168)  (-16.510, -4.876)  (18.536, -1.775)  (-24.037, -2.907)  (24.037, 2.907)  (-18.536, 1.775)  (16.510, 4.876)  (-27.823, 6.168)
step= 35  t=35.000  (29.822, -6.140)  (-18.507, -4.971)  (20.535, -1.796)  (-26.033, -2.794)  (26.033, 2.794)  (-20.535, 1.796)  (18.507, 4.971)  (-29.822, 6.140)
step= 36  t=36.000  (31.821, -6.113)  (-20.504, -5.067)  (22.533, -1.817)  (-28.029, -2.680)  (28.029, 2.680)  (-22.533, 1.817)  (20.504, 5.067)  (-31.821, 6.113)
step= 37  t=37.000  (33.820, -6.085)  (-22.501, -5.162)  (24.532, -1.838)  (-30.026, -2.567)  (30.026, 2.567)  (-24.532, 1.838)  (22.501, 5.162)  (-33.820, 6.085)
step= 38  t=38.000  (35.818, -6.058)  (-24.497, -5.258)  (26.531, -1.859)  (-32.022, -2.453)  (32.022, 2.453)  (-26.531, 1.859)  (24.497, 5.258)  (-35.818, 6.058)
step= 39  t=39.000  (37.817, -6.030)  (-26.494, -5.354)  (28.529, -1.880)  (-34.018, -2.340)  (34.018, 2.340)  (-28.529, 1.880)  (26.494, 5.354)  (-37.817, 6.030)
step= 40  t=40.000  (39.816, -6.003)  (-28.491, -5.449)  (30.528, -1.901)  (-36.014, -2.227)  (36.014, 2.227)  (-30.528, 1.901)  (28.491, 5.449)  (-39.816, 6.003)
step= 41  t=41.000  (40.085, -6.164)  (-30.488, -5.545)  (32.527, -1.922)  (-38.010, -2.113)  (38.010, 2.113)  (-32.527, 1.922)  (30.488, 5.545)  (-40.085, 6.164)
step= 42  t=42.000  (39.997, -6.010)  (-32.485, -5.640)  (34.526, -1.943)  (-40.000, -2.000)  (40.000, 2.000)  (-34.526, 1.943)  (32.485, 5.640)  (-39.997, 6.010)
step= 43  t=43.000  (40.000, -6.000)  (-34.482, -5.736)  (36.526, -1.964)  (-40.000, -2.000)  (40.000, 2.000)  (-36.526, 1.964)  (34.482, 5.736)  (-40.000, 6.000)
step= 44  t=44.000  (40.000, -6.000)  (-36.479, -5.831)  (38.525, -1.985)  (-40.000, -2.000)  (40.000, 2.000)  (-38.525, 1.985)  (36.479, 5.831)  (-40.000, 6.000)
step= 45  t=45.000  (40.000, -6.000)  (-38.475, -5.927)  (40.000, -2.000)  (-40.000, -2.000)  (40.000, 2.000)  (-40.000, 2.000)  (38.475, 5.927)  (-40.000, 6.000)
step= 46  t=46.000  (40.000, -6.000)  (-40.000, -6.000)  (40.000, -2.000)  (-40.000, -2.000)  (40.000, 2.000)  (-40.000, 2.000)  (40.000, 6.000)  (-40.000, 6.000)
