Simulation has 4 agents and 0 obstacle vertices in it.
Running simulation
step= 0  t=0.000  (0.000, 0.000)  (10.000, 0.000)  (10.000, 10.000)  (0.000, 10.000)
step= 1  t=0.500  (0.707, 0.707)  (9.293, 0.707)  (9.293, 9.293)  (0.707, 9.293)
step= 2  t=1.000  (1.414, 1.414)  (8.586, 1.414)  (8.586, 8.586)  (1.414, 8.586)
step= 3  t=1.500  (2.120, 2.120)  (7.880, 2.120)  (7.880, 7.880)  (2.120, 7.880)
step= 4  t=2.000  (2.705, 2.911)  (7.080, 2.691)  (7.268, 7.260)  (2.825, 7.170)
step= 5  t=2.500  (3.209, 3.680)  (6.273, 3.248)  (6.649, 6.722)  (3.532, 6.463)
step= 6  t=3.000  (3.639, 4.435)  (5.432, 3.753)  (6.145, 6.222)  (4.242, 5.758)
step= 7  t=3.500  (3.982, 5.149)  (4.577, 4.194)  (5.692, 5.771)  (4.961, 5.063)
step= 8  t=4.000  (4.467, 5.974)  (3.961, 4.753)  (5.347, 5.512)  (5.496, 4.219)
step= 9  t=4.500  (5.301, 6.526)  (3.445, 5.609)  (4.657, 4.788)  (6.244, 3.556)
step= 10  t=5.000  (6.178, 7.005)  (2.928, 6.464)  (3.968, 4.065)  (6.992, 2.893)
step= 11  t=5.500  (7.055, 7.484)  (2.411, 7.320)  (3.278, 3.341)  (7.740, 2.230)
step= 12  t=6.000  (7.933, 7.963)  (2.000, 8.000)  (2.589, 2.618)  (8.000, 2.000)
step= 13  t=6.500  (8.000, 8.000)  (2.000, 8.000)  (2.000, 2.000)  (8.000, 2.000)
