step= 0  t=0.000  (1.414, 1.414)  (-1.414, 1.414)  (-1.414, -1.414)  (1.414, -1.414)
step= 1  t=0.500  (1.414, 1.414)  (-1.414, 1.414)  (-1.414, -1.414)  (1.414, -1.414)
step= 2  t=1.000  (1.414, 1.414)  (-1.414, 1.414)  (-1.414, -1.414)  (1.414, -1.414)
step= 3  t=1.500  (1.155, 1.599)  (-1.421, 1.408)  (-1.178, -1.602)  (1.613, -1.132)
step= 4  t=2.000  (1.006, 1.729)  (-1.564, 1.173)  (-1.016, -1.576)  (1.635, -1.113)
step= 5  t=2.500  (1.061, 1.695)  (-1.577, 1.146)  (-1.021, -1.576)  (1.547, -1.142)
step= 6  t=3.000  (1.104, 1.667)  (-1.607, 1.114)  (-1.020, -1.583)  (1.509, -1.129)
step= 7  t=3.500  (1.165, 1.626)  (-1.193, 1.194)  (-1.112, -1.663)  (1.458, -1.072)
step= 8  t=4.000  (1.752, 0.962)  (-1.218, 1.585)  (-1.725, -1.011)  (1.087, -1.678)
step= 9  t=4.500  (1.752, 0.962)  (-1.218, 1.585)  (-1.724, -1.011)  (1.087, -1.678)
step= 10  t=5.000  (1.752, 0.962)  (-1.218, 1.585)  (-1.724, -1.011)  (1.087, -1.678)
step= 11  t=5.500  (1.012, 0.556)  (-0.745, 0.969)  (-1.239, -0.727)  (0.737, -1.138)
