Simulation has 4 agents and 0 obstacle vertices in it.
Running simulation
step= 0  t=0.000  (0.000, 0.000)  (10.000, 0.000)  (10.000, 10.000)  (0.000, 10.000)
step= 1  t=0.500  (0.707, 0.707)  (9.293, 0.707)  (9.293, 9.293)  (0.707, 9.293)
step= 2  t=1.000  (1.414, 1.414)  (8.586, 1.414)  (8.586, 8.586)  (1.414, 8.586)
step= 3  t=1.500  (2.120, 2.120)  (7.880, 2.120)  (7.880, 7.880)  (2.120, 7.880)
step= 4  t=2.000  (2.698, 2.920)  (7.169, 2.824)  (7.290, 7.078)  (2.927, 7.313)
step= 5  t=2.500  (3.201, 3.784)  (6.387, 3.411)  (6.783, 6.290)  (3.745, 6.757)
step= 6  t=3.000  (3.732, 4.632)  (5.599, 3.984)  (6.272, 5.502)  (4.518, 6.186)
step= 7  t=3.500  (4.284, 5.466)  (4.795, 4.540)  (5.762, 4.711)  (5.272, 5.621)
step= 8  t=4.000  (4.866, 6.278)  (4.199, 5.137)  (5.206, 3.880)  (6.002, 5.085)
step= 9  t=4.500  (5.742, 6.760)  (3.590, 5.930)  (4.344, 3.374)  (6.545, 4.246)
step= 10  t=5.000  (6.618, 7.241)  (2.981, 6.723)  (3.482, 2.869)  (7.088, 3.408)
step= 11  t=5.500  (7.494, 7.722)  (2.372, 7.515)  (2.620, 2.363)  (7.632, 2.569)
step= 12  t=6.000  (8.000, 8.000)  (2.000, 8.000)  (2.000, 2.000)  (8.000, 2.000)
