step= 0  t=0.000  (1.414, 1.414)  (-1.414, 1.414)  (-1.414, -1.414)  (1.414, -1.414)
step= 1  t=0.500  (1.414, 1.414)  (-1.414, 1.414)  (-1.414, -1.414)  (1.414, -1.414)
step= 2  t=1.000  (1.414, 1.414)  (-1.414, 1.414)  (-1.414, -1.414)  (1.414, -1.414)
step= 3  t=1.500  (1.167, 1.594)  (-1.607, 1.152)  (-1.584, -1.139)  (1.235, -1.230)
step= 4  t=2.000  (0.910, 1.560)  (-1.782, 0.908)  (-1.272, -0.948)  (1.424, -1.405)
step= 5  t=2.500  (0.782, 1.677)  (-1.722, 0.984)  (-0.975, -0.936)  (1.427, -1.402)
step= 6  t=3.000  (0.691, 1.496)  (-1.663, 1.032)  (-0.868, -0.849)  (1.448, -1.379)
step= 7  t=3.500  (0.834, 1.655)  (-1.519, 1.238)  (-0.587, -0.517)  (1.200, -1.600)
step= 8  t=4.000  (0.874, 1.558)  (-0.947, 1.761)  (-1.317, -1.504)  (1.454, -1.372)
step= 9  t=4.500  (1.892, 0.646)  (-0.947, 1.760)  (-1.320, -1.502)  (1.454, -1.372)
step= 10  t=5.000  (1.892, 0.646)  (-0.947, 1.760)  (-1.320, -1.501)  (1.454, -1.372)
step= 11  t=5.500  (1.892, 0.646)  (-0.626, 1.164)  (-1.320, -1.501)  (0.664, -0.627)
step= 12  t=6.000  (0.826, 0.282)  (0.000, 0.000)  (-1.198, -1.363)  (0.000, 0.000)
