step= 0  t=0.000  (1.414, 1.414)  (-1.414, 1.414)  (-1.414, -1.414)  (1.414, -1.414)
step= 1  t=0.500  (1.414, 1.414)  (-1.414, 1.414)  (-1.414, -1.414)  (1.414, -1.414)
step= 2  t=1.000  (1.414, 1.414)  (-1.414, 1.414)  (-1.414, -1.414)  (1.414, -1.414)
step= 3  t=1.500  (1.421, 1.407)  (-1.218, 1.222)  (-1.143, -1.601)  (1.416, -1.412)
step= 4  t=2.000  (1.484, 1.341)  (-1.468, 1.014)  (-0.851, -1.692)  (1.662, -1.112)
step= 5  t=2.500  (1.147, 1.452)  (-1.438, 0.816)  (-0.858, -1.723)  (1.838, -0.789)
step= 6  t=3.000  (1.126, 1.451)  (-1.434, 0.800)  (-0.950, -1.393)  (1.823, -0.822)
step= 7  t=3.500  (1.173, 1.271)  (-1.570, 1.238)  (-1.038, -0.968)  (1.807, -0.858)
step= 8  t=4.000  (1.490, 1.332)  (-1.140, 1.642)  (-1.689, -1.070)  (0.857, -1.806)
step= 9  t=4.500  (1.490, 1.333)  (-1.140, 1.642)  (-1.689, -1.070)  (0.857, -1.806)
step= 10  t=5.000  (1.490, 1.332)  (-1.140, 1.642)  (-1.689, -1.070)  (0.857, -1.806)
step= 11  t=5.500  (0.938, 0.839)  (-1.140, 1.642)  (-1.689, -1.070)  (0.640, -1.349)
step= 12  t=6.000  (0.000, 0.000)  (-0.070, 0.101)  (-0.165, -0.104)  (0.000, 0.000)
