Simulation has 4 agents and 0 obstacle vertices in it.
Running simulation
step= 0  t=0.000  (0.000, 0.000)  (10.000, 0.000)  (10.000, 10.000)  (0.000, 10.000)
step= 1  t=0.500  (0.707, 0.707)  (9.293, 0.707)  (9.293, 9.293)  (0.707, 9.293)
step= 2  t=1.000  (1.414, 1.414)  (8.586, 1.414)  (8.586, 8.586)  (1.414, 8.586)
step= 3  t=1.500  (2.120, 2.120)  (7.880, 2.120)  (7.880, 7.880)  (2.120, 7.880)
step= 4  t=2.000  (2.722, 2.732)  (7.170, 2.825)  (7.274, 7.271)  (2.723, 7.263)
step= 5  t=2.500  (3.433, 3.241)  (6.463, 3.532)  (6.768, 6.554)  (3.216, 6.749)
step= 6  t=3.000  (4.316, 3.648)  (5.803, 4.284)  (6.358, 5.671)  (3.518, 6.193)
step= 7  t=3.500  (5.265, 3.743)  (5.112, 5.006)  (6.258, 4.718)  (3.783, 5.519)
step= 8  t=4.000  (5.913, 3.322)  (4.567, 5.779)  (6.675, 3.969)  (3.949, 4.691)
step= 9  t=4.500  (6.199, 3.045)  (3.811, 6.433)  (6.848, 3.815)  (4.405, 4.096)
step= 10  t=5.000  (6.447, 2.823)  (3.055, 7.087)  (6.322, 4.088)  (4.932, 3.390)
step= 11  t=5.500  (6.992, 3.511)  (2.299, 7.741)  (5.518, 4.058)  (5.435, 2.730)
step= 12  t=6.000  (7.211, 4.486)  (2.000, 8.000)  (4.655, 3.553)  (6.396, 2.456)
step= 13  t=6.500  (7.430, 5.462)  (2.000, 8.000)  (3.792, 3.048)  (7.358, 2.183)
step= 14  t=7.000  (7.649, 6.437)  (2.000, 8.000)  (2.930, 2.544)  (8.000, 2.000)
step= 15  t=7.500  (7.868, 7.412)  (2.000, 8.000)  (2.067, 2.039)  (8.000, 2.000)
step= 16  t=8.000  (8.000, 8.000)  (2.000, 8.000)  (2.000, 2.000)  (8.000, 2.000)
