step= 0  t=0.000  (1.414, 1.414)  (-1.414, 1.414)  (-1.414, -1.414)  (1.414, -1.414)
step= 1  t=0.500  (1.414, 1.414)  (-1.414, 1.414)  (-1.414, -1.414)  (1.414, -1.414)
step= 2  t=1.000  (1.414, 1.414)  (-1.414, 1.414)  (-1.414, -1.414)  (1.414, -1.414)
step= 3  t=1.500  (1.416, 1.413)  (-1.145, 1.600)  (-1.599, -1.164)  (1.404, -1.425)
step= 4  t=2.000  (1.673, 1.096)  (-1.017, 1.722)  (-1.574, -1.018)  (1.455, -1.372)
step= 5  t=2.500  (1.839, 0.786)  (-0.956, 1.726)  (-1.468, -0.844)  (1.119, -1.497)
step= 6  t=3.000  (1.827, 0.814)  (-1.071, 1.461)  (-1.367, -0.866)  (1.104, -1.511)
step= 7  t=3.500  (1.767, 0.938)  (-1.087, 1.030)  (-1.515, -1.306)  (1.219, -1.266)
step= 8  t=4.000  (0.868, 1.800)  (-1.675, 1.091)  (-1.084, -1.679)  (1.516, -1.302)
step= 9  t=4.500  (0.868, 1.800)  (-1.675, 1.091)  (-1.084, -1.679)  (1.516, -1.302)
step= 10  t=5.000  (0.868, 1.800)  (-1.675, 1.091)  (-1.084, -1.679)  (1.516, -1.302)
step= 11  t=5.500  (0.633, 1.311)  (-1.457, 0.949)  (-0.984, -1.524)  (0.910, -0.781)
