Simulation has 4 agents and 0 obstacle vertices in it.
Running simulation
step= 0  t=0.000  (0.000, 0.000)  (10.000, 0.000)  (10.000, 10.000)  (0.000, 10.000)
step= 1  t=0.500  (0.707, 0.707)  (9.293, 0.707)  (9.293, 9.293)  (0.707, 9.293)
step= 2  t=1.000  (1.414, 1.414)  (8.586, 1.414)  (8.586, 8.586)  (1.414, 8.586)
step= 3  t=1.500  (2.120, 2.120)  (7.880, 2.120)  (7.880, 7.880)  (2.120, 7.880)
step= 4  t=2.000  (2.831, 2.824)  (7.270, 2.732)  (7.308, 7.079)  (2.829, 7.174)
step= 5  t=2.500  (3.573, 3.495)  (6.536, 3.238)  (6.882, 6.234)  (3.660, 6.618)
step= 6  t=3.000  (4.146, 4.221)  (5.817, 3.646)  (6.453, 5.372)  (4.579, 6.223)
step= 7  t=3.500  (4.709, 4.946)  (5.100, 4.046)  (5.978, 4.675)  (5.491, 5.812)
step= 8  t=4.000  (5.296, 5.582)  (4.315, 4.666)  (5.460, 4.192)  (6.394, 5.383)
step= 9  t=4.500  (6.041, 6.248)  (3.745, 5.487)  (4.615, 3.657)  (6.823, 4.480)
step= 10  t=5.000  (6.786, 6.914)  (3.175, 6.308)  (3.771, 3.122)  (7.251, 3.577)
step= 11  t=5.500  (7.531, 7.581)  (2.605, 7.129)  (2.927, 2.587)  (7.680, 2.675)
step= 12  t=6.000  (8.000, 8.000)  (2.035, 7.950)  (2.082, 2.052)  (8.000, 2.000)
step= 13  t=6.500  (8.000, 8.000)  (2.000, 8.000)  (2.000, 2.000)  (8.000, 2.000)
