Simulation has 4 agents and 0 obstacle vertices in it.
Running simulation
step= 0  t=0.000  (0.000, 0.000)  (10.000, 0.000)  (10.000, 10.000)  (0.000, 10.000)
step= 1  t=0.500  (0.707, 0.707)  (9.293, 0.707)  (9.293, 9.293)  (0.707, 9.293)
step= 2  t=1.000  (1.414, 1.414)  (8.586, 1.414)  (8.586, 8.586)  (1.414, 8.586)
step= 3  t=1.500  (2.120, 2.120)  (7.880, 2.120)  (7.880, 7.880)  (2.120, 7.880)
step= 4  t=2.000  (2.695, 2.919)  (7.267, 2.733)  (7.179, 7.166)  (2.706, 7.085)
step= 5  t=2.500  (3.099, 3.693)  (6.747, 3.362)  (6.414, 6.565)  (3.091, 6.253)
step= 6  t=3.000  (3.181, 4.413)  (6.232, 3.999)  (5.685, 5.932)  (3.189, 5.489)
step= 7  t=3.500  (2.292, 4.870)  (5.753, 4.624)  (4.922, 5.336)  (2.307, 5.019)
step= 8  t=4.000  (1.816, 5.453)  (5.294, 5.207)  (4.129, 4.727)  (1.629, 4.444)
step= 9  t=4.500  (1.562, 5.924)  (4.621, 5.843)  (3.514, 3.939)  (1.032, 3.932)
step= 10  t=5.000  (2.181, 5.772)  (3.892, 6.526)  (2.899, 3.151)  (0.917, 3.912)
step= 11  t=5.500  (3.079, 5.890)  (3.103, 7.141)  (2.284, 2.363)  (1.281, 3.602)
step= 12  t=6.000  (3.998, 6.284)  (2.315, 7.755)  (1.970, 1.859)  (2.253, 3.370)
step= 13  t=6.500  (4.916, 6.678)  (2.000, 8.000)  (2.000, 2.000)  (3.226, 3.138)
step= 14  t=7.000  (5.835, 7.072)  (2.000, 8.000)  (2.000, 2.000)  (4.198, 2.906)
step= 15  t=7.500  (6.754, 7.466)  (2.000, 8.000)  (2.000, 2.000)  (5.170, 2.675)
step= 16  t=8.000  (7.672, 7.859)  (2.000, 8.000)  (2.000, 2.000)  (6.142, 2.443)
step= 17  t=8.500  (8.000, 8.000)  (2.000, 8.000)  (2.000, 2.000)  (7.114, 2.211)
step= 18  t=9.000  (8.000, 8.000)  (2.000, 8.000)  (2.000, 2.000)  (8.000, 2.000)
