step= 0  t=0.000  (1.414, 1.414)  (-1.414, 1.414)  (-1.414, -1.414)  (1.414, -1.414)
step= 1  t=0.500  (1.414, 1.414)  (-1.414, 1.414)  (-1.414, -1.414)  (1.414, -1.414)
step= 2  t=1.000  (1.414, 1.414)  (-1.414, 1.414)  (-1.414, -1.414)  (1.414, -1.414)
step= 3  t=1.500  (1.149, 1.596)  (-1.224, 1.225)  (-1.402, -1.426)  (1.171, -1.589)
step= 4  t=2.000  (0.809, 1.549)  (-1.042, 1.258)  (-1.528, -1.203)  (0.770, -1.664)
step= 5  t=2.500  (0.164, 1.440)  (-1.030, 1.275)  (-1.460, -1.266)  (0.198, -1.527)
step= 6  t=3.000  (-1.778, 0.915)  (-0.957, 1.250)  (-1.525, -1.193)  (-1.765, -0.940)
step= 7  t=3.500  (-0.952, 1.166)  (-0.917, 1.167)  (-1.587, -1.218)  (-1.355, -1.151)
step= 8  t=4.000  (-0.507, 0.941)  (-1.346, 1.271)  (-1.230, -1.576)  (-1.195, -1.023)
step= 9  t=4.500  (1.238, -0.304)  (-1.459, 1.367)  (-1.230, -1.576)  (-0.230, -0.040)
step= 10  t=5.000  (1.796, 0.237)  (-1.577, 1.228)  (-1.230, -1.576)  (0.729, -0.621)
step= 11  t=5.500  (1.837, 0.788)  (-1.577, 1.228)  (-0.628, -1.008)  (1.945, -0.464)
step= 12  t=6.000  (1.837, 0.788)  (-0.629, 0.490)  (0.061, 0.281)  (1.944, -0.464)
step= 13  t=6.500  (1.837, 0.788)  (0.000, 0.000)  (0.000, 0.000)  (1.944, -0.464)
step= 14  t=7.000  (1.837, 0.788)  (0.000, 0.000)  (0.000, 0.000)  (1.944, -0.464)
step= 15  t=7.500  (1.837, 0.788)  (0.000, 0.000)  (0.000, 0.000)  (1.944, -0.464)
step= 16  t=8.000  (0.656, 0.281)  (0.000, 0.000)  (0.000, 0.000)  (1.944, -0.464)
step= 17  t=8.500  (0.000, 0.000)  (0.000, 0.000)  (0.000, 0.000)  (1.771, -0.422)
