Simulation has 4 agents and 0 obstacle vertices in it.
Running simulation
step= 0  t=0.000  (0.000, 0.000)  (10.000, 0.000)  (10.000, 10.000)  (0.000, 10.000)
step= 1  t=0.500  (0.707, 0.707)  (9.293, 0.707)  (9.293, 9.293)  (0.707, 9.293)
step= 2  t=1.000  (1.414, 1.414)  (8.586, 1.414)  (8.586, 8.586)  (1.414, 8.586)
step= 3  t=1.500  (2.120, 2.120)  (7.880, 2.120)  (7.880, 7.880)  (2.120, 7.880)
step= 4  t=2.000  (2.828, 2.827)  (7.307, 2.921)  (7.080, 7.297)  (2.822, 7.167)
step= 5  t=2.500  (3.665, 3.375)  (6.799, 3.782)  (6.293, 6.788)  (3.550, 6.481)
step= 6  t=3.000  (4.584, 3.768)  (6.320, 4.644)  (5.559, 6.366)  (4.110, 5.733)
step= 7  t=3.500  (5.498, 4.175)  (5.785, 5.375)  (4.876, 5.934)  (4.661, 4.977)
step= 8  t=4.000  (6.381, 4.644)  (5.241, 5.890)  (4.118, 5.281)  (5.271, 4.344)
step= 9  t=4.500  (6.815, 5.544)  (4.404, 6.435)  (3.576, 4.441)  (6.029, 3.693)
step= 10  t=5.000  (7.250, 6.444)  (3.566, 6.981)  (3.034, 3.601)  (6.787, 3.042)
step= 11  t=5.500  (7.684, 7.344)  (2.728, 7.526)  (2.492, 2.762)  (7.545, 2.391)
step= 12  t=6.000  (8.000, 8.000)  (2.000, 8.000)  (2.000, 2.000)  (8.000, 2.000)
