step= 0  t=0.000  (1.414, 1.414)  (-1.414, 1.414)  (-1.414, -1.414)  (1.414, -1.414)
step= 1  t=0.500  (1.414, 1.414)  (-1.414, 1.414)  (-1.414, -1.414)  (1.414, -1.414)
step= 2  t=1.000  (1.414, 1.414)  (-1.414, 1.414)  (-1.414, -1.414)  (1.414, -1.414)
step= 3  t=1.500  (1.170, 1.582)  (-1.598, 1.141)  (-1.222, -1.240)  (1.409, -1.419)
step= 4  t=2.000  (1.008, 1.538)  (-1.615, 1.114)  (-1.238, -1.076)  (1.414, -1.415)
step= 5  t=2.500  (0.860, 1.510)  (-1.682, 1.011)  (-1.010, -1.000)  (1.420, -1.409)
step= 6  t=3.000  (0.685, 1.428)  (-1.711, 0.881)  (-0.904, -0.901)  (1.438, -1.390)
step= 7  t=3.500  (0.971, 1.649)  (-1.231, 1.119)  (-0.691, -0.519)  (1.070, -1.689)
step= 8  t=4.000  (1.667, 1.104)  (-1.034, 1.711)  (-1.379, -1.447)  (1.496, -1.326)
step= 9  t=4.500  (1.754, 0.958)  (-1.034, 1.711)  (-1.379, -1.447)  (1.496, -1.326)
step= 10  t=5.000  (1.754, 0.958)  (-1.034, 1.711)  (-1.379, -1.447)  (1.496, -1.326)
step= 11  t=5.500  (1.754, 0.958)  (-0.822, 1.361)  (-1.379, -1.447)  (0.519, -0.460)
step= 12  t=6.000  (0.135, 0.074)  (0.000, 0.000)  (-1.177, -1.235)  (0.000, 0.000)
