Simulation has 4 agents and 0 obstacle vertices in it.
Running simulation
step= 0  t=0.000  (0.000, 0.000)  (10.000, 0.000)  (10.000, 10.000)  (0.000, 10.000)
step= 1  t=0.500  (0.707, 0.707)  (9.293, 0.707)  (9.293, 9.293)  (0.707, 9.293)
step= 2  t=1.000  (1.414, 1.414)  (8.586, 1.414)  (8.586, 8.586)  (1.414, 8.586)
step= 3  t=1.500  (2.120, 2.120)  (7.880, 2.120)  (7.880, 7.880)  (2.120, 7.880)
step= 4  t=2.000  (2.704, 2.918)  (7.076, 2.697)  (7.088, 7.310)  (2.738, 7.264)
step= 5  t=2.500  (3.159, 3.698)  (6.185, 3.151)  (6.452, 6.836)  (3.450, 6.562)
step= 6  t=3.000  (3.550, 4.536)  (5.324, 3.642)  (5.964, 6.368)  (4.163, 5.861)
step= 7  t=3.500  (3.896, 5.284)  (4.493, 4.158)  (5.530, 5.944)  (4.887, 5.172)
step= 8  t=4.000  (4.313, 6.112)  (3.733, 4.777)  (5.237, 5.685)  (5.487, 4.372)
step= 9  t=4.500  (4.749, 6.891)  (3.260, 5.658)  (4.578, 4.934)  (6.214, 3.686)
step= 10  t=5.000  (5.695, 7.214)  (2.786, 6.538)  (3.918, 4.183)  (6.941, 3.000)
step= 11  t=5.500  (6.641, 7.536)  (2.313, 7.418)  (3.259, 3.432)  (7.668, 2.314)
step= 12  t=6.000  (7.587, 7.859)  (2.000, 8.000)  (2.599, 2.681)  (8.000, 2.000)
step= 13  t=6.500  (8.000, 8.000)  (2.000, 8.000)  (2.000, 2.000)  (8.000, 2.000)
