step= 0  t=0.000  (1.414, 1.414)  (-1.414, 1.414)  (-1.414, -1.414)  (1.414, -1.414)
step= 1  t=0.500  (1.414, 1.414)  (-1.414, 1.414)  (-1.414, -1.414)  (1.414, -1.414)
step= 2  t=1.000  (1.414, 1.414)  (-1.414, 1.414)  (-1.414, -1.414)  (1.414, -1.414)
step= 3  t=1.500  (1.204, 1.222)  (-1.419, 1.410)  (-1.211, -1.217)  (1.204, -1.233)
step= 4  t=2.000  (1.421, 1.019)  (-1.415, 1.414)  (-1.013, -1.434)  (0.987, -1.027)
step= 5  t=2.500  (1.766, 0.813)  (-1.320, 1.503)  (-0.818, -1.766)  (0.604, -1.113)
step= 6  t=3.000  (1.898, 0.190)  (-1.383, 1.445)  (-0.201, -1.905)  (0.530, -1.349)
step= 7  t=3.500  (1.295, -0.842)  (-1.090, 1.546)  (0.835, -1.499)  (0.332, -1.654)
step= 8  t=4.000  (0.572, -0.553)  (-1.512, 1.308)  (0.346, -0.308)  (0.912, -1.192)
step= 9  t=4.500  (0.495, -0.445)  (-1.512, 1.308)  (-1.052, 0.546)  (1.053, -1.411)
step= 10  t=5.000  (1.090, 1.377)  (-1.512, 1.308)  (-1.609, -0.060)  (1.007, -1.321)
step= 11  t=5.500  (0.438, 1.950)  (-0.599, 0.518)  (-1.725, -1.009)  (1.923, -0.547)
step= 12  t=6.000  (0.438, 1.950)  (0.000, 0.000)  (-1.725, -1.009)  (1.923, -0.547)
step= 13  t=6.500  (0.438, 1.950)  (0.000, 0.000)  (-1.725, -1.009)  (1.285, -0.365)
step= 14  t=7.000  (0.438, 1.950)  (0.000, 0.000)  (-1.725, -1.009)  (0.000, 0.000)
step= 15  t=7.500  (0.264, 1.176)  (0.000, 0.000)  (-0.134, -0.078)  (0.000, 0.000)
